0.10000000000000001 1
0.20000000000000001 1
0.30000000000000004 1
0.40000000000000002 1
0.5 1
0.59999999999999998 1
0.69999999999999996 1
0.79999999999999993 1
0.89999999999999991 1
0.99999999999999989 1
1.0999999999999999 1
1.2 1
1.3 1
1.4000000000000001 1
1.5000000000000002 1
1.6000000000000003 1
1.7000000000000004 1
1.8000000000000005 1
1.9000000000000006 1
2.0000000000000004 1
2.1000000000000005 1
2.2000000000000006 1
2.3000000000000007 1
2.4000000000000008 1
2.5000000000000009 1
2.600000000000001 1
2.7000000000000011 1
2.8000000000000012 1
2.9000000000000012 1
3.0000000000000013 1
3.1000000000000014 1
3.2000000000000015 1
3.3000000000000016 1
3.4000000000000017 1
3.5000000000000018 1
3.6000000000000019 1
3.700000000000002 1
3.800000000000002 1
3.9000000000000021 1
4.0000000000000018 1
4.1000000000000014 1
4.2000000000000011 1
4.3000000000000007 1
4.4000000000000004 1
4.5 1
4.5999999999999996 1
4.6999999999999993 1
4.7999999999999989 1
4.8999999999999986 1
4.9999999999999982 1
5.0999999999999979 1
5.1999999999999975 1
5.2999999999999972 1
5.3999999999999968 1
5.4999999999999964 1
5.5999999999999961 1
5.6999999999999957 1
5.7999999999999954 1
5.899999999999995 1
5.9999999999999947 1
6.0999999999999943 2
6.199999999999994 2
6.2999999999999936 2
6.3999999999999932 2
6.4999999999999929 2
6.5999999999999925 2
6.6999999999999922 2
6.7999999999999918 2
6.8999999999999915 2
6.9999999999999911 2
7.0999999999999908 2
7.1999999999999904 2
7.2999999999999901 2
7.3999999999999897 2
7.4999999999999893 2
7.599999999999989 2
7.6999999999999886 2
7.7999999999999883 2
7.8999999999999879 2
7.9999999999999876 2
8.0999999999999872 2
8.1999999999999869 2
8.2999999999999865 2
8.3999999999999861 2
8.4999999999999858 2
8.5999999999999854 2
8.6999999999999851 2
8.7999999999999847 2
8.8999999999999844 2
8.999999999999984 2
9.0999999999999837 2
9.1999999999999833 2
9.2999999999999829 2
9.3999999999999826 2
9.4999999999999822 2
9.5999999999999819 2
9.6999999999999815 2
9.7999999999999812 2
9.8999999999999808 2
9.9999999999999805 2
10.09999999999998 2
10.19999999999998 2
10.299999999999979 2
10.399999999999979 2
10.499999999999979 2
10.599999999999978 2
10.699999999999978 2
10.799999999999978 2
10.899999999999977 2
10.999999999999977 2
11.099999999999977 2
11.199999999999976 2
11.299999999999976 2
11.399999999999975 2
11.499999999999975 2
11.599999999999975 2
11.699999999999974 2
11.799999999999974 2
11.899999999999974 2
11.999999999999973 2
12.099999999999973 2
12.199999999999973 2
12.299999999999972 2
12.399999999999972 2
12.499999999999972 2
12.599999999999971 2
12.699999999999971 2
12.799999999999971 2
12.89999999999997 2
12.99999999999997 2
13.099999999999969 2
13.199999999999969 2
13.299999999999969 2
13.399999999999968 2
13.499999999999968 2
13.599999999999968 2
13.699999999999967 2
13.799999999999967 2
13.899999999999967 2
13.999999999999966 2
14.099999999999966 2
14.199999999999966 2
14.299999999999965 2
14.399999999999965 2
14.499999999999964 2
14.599999999999964 2
14.699999999999964 2
14.799999999999963 2
14.899999999999963 2
14.999999999999963 2
15.099999999999962 2
15.199999999999962 2
15.299999999999962 2
15.399999999999961 2
15.499999999999961 2
15.599999999999961 2
15.69999999999996 2
15.79999999999996 2
15.899999999999959 2
15.999999999999959 2
16.099999999999959 2
16.19999999999996 2
16.299999999999962 2
16.399999999999963 2
16.499999999999964 2
16.599999999999966 2
16.699999999999967 2
16.799999999999969 2
16.89999999999997 2
16.999999999999972 2
17.099999999999973 2
17.199999999999974 2
17.299999999999976 2
17.399999999999977 2
17.499999999999979 2
17.59999999999998 2
17.699999999999982 2
17.799999999999983 2
17.899999999999984 2
17.999999999999986 2
18.099999999999987 2
18.199999999999989 2
18.29999999999999 2
18.399999999999991 2
18.499999999999993 2
18.599999999999994 2
18.699999999999996 2
18.799999999999997 2
18.899999999999999 2
19 2
19.100000000000001 2
19.200000000000003 2
19.300000000000004 2
19.400000000000006 2
19.500000000000007 2
19.600000000000009 2
19.70000000000001 2
19.800000000000011 2
19.900000000000013 2
20.000000000000014 2
20.100000000000016 2
20.200000000000017 2
20.300000000000018 2
20.40000000000002 2
20.500000000000021 2
20.600000000000023 2
20.700000000000024 2
20.800000000000026 2
20.900000000000027 2
21.000000000000028 2
21.10000000000003 2
21.200000000000031 2
21.300000000000033 2
21.400000000000034 2
21.500000000000036 2
21.600000000000037 2
21.700000000000038 2
21.80000000000004 2
21.900000000000041 2
22.000000000000043 2
22.100000000000044 2
22.200000000000045 2
22.300000000000047 2
22.400000000000048 2
22.50000000000005 2
22.600000000000051 2
22.700000000000053 2
22.800000000000054 2
22.900000000000055 2
23.000000000000057 2
23.100000000000058 2
23.20000000000006 2
23.300000000000061 2
23.400000000000063 2
23.500000000000064 2
23.600000000000065 2
23.700000000000067 2
23.800000000000068 2
23.90000000000007 2
24.000000000000071 2
24.100000000000072 2
24.200000000000074 2
24.300000000000075 2
24.400000000000077 2
24.500000000000078 2
24.60000000000008 2
24.700000000000081 2
24.800000000000082 2
24.900000000000084 2
25.000000000000085 2
25.100000000000087 2
25.200000000000088 2
25.30000000000009 2
25.400000000000091 2
25.500000000000092 2
25.600000000000094 2
25.700000000000095 2
25.800000000000097 2
25.900000000000098 2
26.000000000000099 2
26.100000000000101 2
26.200000000000102 2
26.300000000000104 2
26.400000000000105 2
26.500000000000107 2
26.600000000000108 2
26.700000000000109 2
26.800000000000111 2
26.900000000000112 2
27.000000000000114 2
27.100000000000115 2
27.200000000000117 2
27.300000000000118 2
27.400000000000119 2
27.500000000000121 2
27.600000000000122 2
27.700000000000124 2
27.800000000000125 2
27.900000000000126 2
28.000000000000128 2
28.100000000000129 2
28.200000000000131 2
28.300000000000132 2
28.400000000000134 2
28.500000000000135 2
28.600000000000136 2
28.700000000000138 2
28.800000000000139 2
28.900000000000141 2
29.000000000000142 2
29.100000000000144 2
29.200000000000145 2
29.300000000000146 2
29.400000000000148 2
29.500000000000149 2
29.600000000000151 2
29.700000000000152 2
29.800000000000153 2
29.900000000000155 2
30.000000000000156 2
30.100000000000158 2
30.200000000000159 2
30.300000000000161 2
30.400000000000162 2
30.500000000000163 2
30.600000000000165 2
30.700000000000166 2
30.800000000000168 2
30.900000000000169 2
31.000000000000171 2
31.100000000000172 2
31.200000000000173 2
31.300000000000175 2
31.400000000000176 2
31.500000000000178 2
31.600000000000179 2
31.70000000000018 2
31.800000000000182 2
31.900000000000183 2
32.000000000000185 2
32.100000000000186 2
32.200000000000188 2
32.300000000000189 2
32.40000000000019 2
32.500000000000192 2
32.600000000000193 2
32.700000000000195 2
32.800000000000196 2
32.900000000000198 2
33.000000000000199 2
33.1000000000002 2
33.200000000000202 2
33.300000000000203 2
33.400000000000205 2
33.500000000000206 2
33.600000000000207 2
33.700000000000209 2
33.80000000000021 2
33.900000000000212 2
34.000000000000213 2
34.100000000000215 2
34.200000000000216 2
34.300000000000217 2
34.400000000000219 2
34.50000000000022 2
34.600000000000222 2
34.700000000000223 2
34.800000000000225 2
34.900000000000226 2
35.000000000000227 2
35.100000000000229 2
35.20000000000023 2
35.300000000000232 2
35.400000000000233 2
35.500000000000234 2
35.600000000000236 2
35.700000000000237 2
35.800000000000239 2
35.90000000000024 2
36.000000000000242 2
36.100000000000243 2
36.200000000000244 2
36.300000000000246 2
36.400000000000247 2
36.500000000000249 2
36.60000000000025 2
36.700000000000252 2
36.800000000000253 2
36.900000000000254 2
37.000000000000256 2
37.100000000000257 2
37.200000000000259 2
37.30000000000026 2
37.400000000000261 2
37.500000000000263 2
37.600000000000264 2
37.700000000000266 2
37.800000000000267 2
37.900000000000269 2
38.00000000000027 2
38.100000000000271 2
38.200000000000273 2
38.300000000000274 2
38.400000000000276 2
38.500000000000277 2
38.600000000000279 2
38.70000000000028 2
38.800000000000281 2
38.900000000000283 2
39.000000000000284 2
39.100000000000286 2
39.200000000000287 2
39.300000000000288 2
39.40000000000029 2
39.500000000000291 2
39.600000000000293 2
39.700000000000294 2
39.800000000000296 2
39.900000000000297 2
40.000000000000298 2
40.1000000000003 2
40.200000000000301 2
40.300000000000303 2
40.400000000000304 2
40.500000000000306 2
40.600000000000307 2
40.700000000000308 2
40.80000000000031 2
40.900000000000311 2
41.000000000000313 2
41.100000000000314 2
41.200000000000315 2
41.300000000000317 2
41.400000000000318 2
41.50000000000032 2
41.600000000000321 2
41.700000000000323 2
41.800000000000324 2
41.900000000000325 2
42.000000000000327 2
42.100000000000328 2
42.20000000000033 2
42.300000000000331 2
42.400000000000333 2
42.500000000000334 2
42.600000000000335 2
42.700000000000337 2
42.800000000000338 2
42.90000000000034 2
43.000000000000341 2
43.100000000000342 2
43.200000000000344 2
43.300000000000345 2
43.400000000000347 2
43.500000000000348 2
43.60000000000035 2
43.700000000000351 2
43.800000000000352 2
43.900000000000354 2
44.000000000000355 2
44.100000000000357 2
44.200000000000358 2
44.30000000000036 2
44.400000000000361 2
44.500000000000362 2
44.600000000000364 2
44.700000000000365 2
44.800000000000367 2
44.900000000000368 2
45.000000000000369 2
45.100000000000371 2
45.200000000000372 2
45.300000000000374 2
45.400000000000375 2
45.500000000000377 2
45.600000000000378 2
45.700000000000379 2
45.800000000000381 2
45.900000000000382 2
46.000000000000384 2
46.100000000000385 2
46.200000000000387 2
46.300000000000388 2
46.400000000000389 2
46.500000000000391 2
46.600000000000392 2
46.700000000000394 2
46.800000000000395 2
46.900000000000396 2
47.000000000000398 2
47.100000000000399 2
47.200000000000401 2
47.300000000000402 2
47.400000000000404 2
47.500000000000405 2
47.600000000000406 2
47.700000000000408 2
47.800000000000409 2
47.900000000000411 2
48.000000000000412 2
48.100000000000414 2
48.200000000000415 2
48.300000000000416 2
48.400000000000418 2
48.500000000000419 2
48.600000000000421 2
48.700000000000422 2
48.800000000000423 2
48.900000000000425 2
49.000000000000426 2
49.100000000000428 2
49.200000000000429 2
49.300000000000431 2
49.400000000000432 2
49.500000000000433 2
49.600000000000435 2
49.700000000000436 2
49.800000000000438 2
49.900000000000439 2
50.000000000000441 2
50.100000000000442 2
50.200000000000443 2
50.300000000000445 2
50.400000000000446 2
50.500000000000448 2
50.600000000000449 2
50.70000000000045 2
50.800000000000452 2
50.900000000000453 2
51.000000000000455 2
51.100000000000456 2
51.200000000000458 2
51.300000000000459 2
51.40000000000046 2
51.500000000000462 2
51.600000000000463 2
51.700000000000465 2
51.800000000000466 2
51.900000000000468 2
52.000000000000469 2
52.10000000000047 2
52.200000000000472 2
52.300000000000473 2
52.400000000000475 2
52.500000000000476 2
52.600000000000477 2
52.700000000000479 2
52.80000000000048 2
52.900000000000482 2
53.000000000000483 2
53.100000000000485 2
53.200000000000486 2
53.300000000000487 2
53.400000000000489 2
53.50000000000049 2
53.600000000000492 2
53.700000000000493 2
53.800000000000495 2
53.900000000000496 2
54.000000000000497 2
54.100000000000499 2
54.2000000000005 2
54.300000000000502 2
54.400000000000503 2
54.500000000000504 2
54.600000000000506 2
54.700000000000507 2
54.800000000000509 2
54.90000000000051 2
55.000000000000512 2
55.100000000000513 2
55.200000000000514 2
55.300000000000516 2
55.400000000000517 2
55.500000000000519 2
55.60000000000052 2
55.700000000000522 2
55.800000000000523 2
55.900000000000524 2
56.000000000000526 2
56.100000000000527 2
56.200000000000529 2
56.30000000000053 2
56.400000000000531 2
56.500000000000533 2
56.600000000000534 2
56.700000000000536 2
56.800000000000537 2
56.900000000000539 2
57.00000000000054 2
57.100000000000541 2
57.200000000000543 2
57.300000000000544 2
57.400000000000546 2
57.500000000000547 2
57.600000000000549 2
57.70000000000055 2
57.800000000000551 2
57.900000000000553 2
58.000000000000554 2
58.100000000000556 2
58.200000000000557 2
58.300000000000558 2
58.40000000000056 2
58.500000000000561 2
58.600000000000563 2
58.700000000000564 2
58.800000000000566 2
58.900000000000567 2
59.000000000000568 2
59.10000000000057 2
59.200000000000571 2
59.300000000000573 2
59.400000000000574 2
59.500000000000576 2
59.600000000000577 2
59.700000000000578 2
59.80000000000058 2
59.900000000000581 2
60.000000000000583 2
60.100000000000584 2
60.200000000000585 2
60.300000000000587 2
60.400000000000588 2
60.50000000000059 2
60.600000000000591 2
60.700000000000593 2
60.800000000000594 2
60.900000000000595 2
61.000000000000597 2
61.100000000000598 2
61.2000000000006 2
61.300000000000601 2
61.400000000000603 2
61.500000000000604 2
61.600000000000605 2
61.700000000000607 2
61.800000000000608 2
61.90000000000061 2
62.000000000000611 2
62.100000000000612 2
62.200000000000614 2
62.300000000000615 2
62.400000000000617 2
62.500000000000618 2
62.60000000000062 2
62.700000000000621 2
62.800000000000622 2
62.900000000000624 2
63.000000000000625 2
63.100000000000627 2
63.200000000000628 2
63.30000000000063 2
63.400000000000631 2
63.500000000000632 2
63.600000000000634 2
63.700000000000635 2
63.800000000000637 2
63.900000000000638 2
64.000000000000639 2
64.100000000000634 2
64.200000000000628 2
64.300000000000622 2
64.400000000000617 2
64.500000000000611 2
64.600000000000605 2
64.7000000000006 2
64.800000000000594 2
64.900000000000588 2
65.000000000000583 2
65.100000000000577 2
65.200000000000571 2
65.300000000000566 2
65.40000000000056 2
65.500000000000554 2
65.600000000000549 2
65.700000000000543 2
65.800000000000537 2
65.900000000000531 2
66.000000000000526 2
66.10000000000052 2
66.200000000000514 2
66.300000000000509 2
66.400000000000503 2
66.500000000000497 2
66.600000000000492 2
66.700000000000486 2
66.80000000000048 2
66.900000000000475 2
67.000000000000469 2
67.100000000000463 2
67.200000000000458 2
67.300000000000452 2
67.400000000000446 2
67.500000000000441 2
67.600000000000435 2
67.700000000000429 2
67.800000000000423 2
67.900000000000418 2
68.000000000000412 2
68.100000000000406 2
68.200000000000401 2
68.300000000000395 2
68.400000000000389 2
68.500000000000384 2
68.600000000000378 2
68.700000000000372 2
68.800000000000367 2
68.900000000000361 2
69.000000000000355 2
69.10000000000035 2
69.200000000000344 2
69.300000000000338 2
69.400000000000333 2
69.500000000000327 2
69.600000000000321 2
69.700000000000315 2
69.80000000000031 2
69.900000000000304 2
70.000000000000298 2
70.100000000000293 2
70.200000000000287 2
70.300000000000281 2
70.400000000000276 2
70.50000000000027 2
70.600000000000264 2
70.700000000000259 2
70.800000000000253 2
70.900000000000247 2
71.000000000000242 2
71.100000000000236 2
71.20000000000023 2
71.300000000000225 2
71.400000000000219 2
71.500000000000213 2
71.600000000000207 2
71.700000000000202 2
71.800000000000196 2
71.90000000000019 2
72.000000000000185 2
72.100000000000179 2
72.200000000000173 2
72.300000000000168 2
72.400000000000162 2
72.500000000000156 2
72.600000000000151 2
72.700000000000145 2
72.800000000000139 2
72.900000000000134 2
73.000000000000128 2
73.100000000000122 2
73.200000000000117 2
73.300000000000111 2
73.400000000000105 2
73.500000000000099 2
73.600000000000094 2
73.700000000000088 2
73.800000000000082 2
73.900000000000077 2
74.000000000000071 2
74.100000000000065 2
74.20000000000006 2
74.300000000000054 2
74.400000000000048 2
74.500000000000043 2
74.600000000000037 2
74.700000000000031 2
74.800000000000026 2
74.90000000000002 2
75.000000000000014 2
75.100000000000009 2
75.200000000000003 2
75.299999999999997 2
75.399999999999991 2
75.499999999999986 2
75.59999999999998 2
75.699999999999974 2
75.799999999999969 2
75.899999999999963 2
75.999999999999957 2
76.099999999999952 2
76.199999999999946 2
76.29999999999994 2
76.399999999999935 2
76.499999999999929 2
76.599999999999923 2
76.699999999999918 2
76.799999999999912 2
76.899999999999906 2
76.999999999999901 2
77.099999999999895 2
77.199999999999889 2
77.299999999999883 2
77.399999999999878 2
77.499999999999872 2
77.599999999999866 2
77.699999999999861 2
77.799999999999855 2
77.899999999999849 2
77.999999999999844 2
78.099999999999838 2
78.199999999999832 2
78.299999999999827 2
78.399999999999821 2
78.499999999999815 2
78.59999999999981 2
78.699999999999804 2
78.799999999999798 2
78.899999999999793 2
78.999999999999787 2
79.099999999999781 2
79.199999999999775 2
79.29999999999977 2
79.399999999999764 2
79.499999999999758 2
79.599999999999753 2
79.699999999999747 2
79.799999999999741 2
79.899999999999736 2
79.99999999999973 2
80.099999999999724 2
80.199999999999719 2
80.299999999999713 2
80.399999999999707 2
80.499999999999702 2
80.599999999999696 2
80.69999999999969 2
80.799999999999685 2
80.899999999999679 2
80.999999999999673 2
81.099999999999667 2
81.199999999999662 2
81.299999999999656 2
81.39999999999965 2
81.499999999999645 2
81.599999999999639 2
81.699999999999633 2
81.799999999999628 2
81.899999999999622 2
81.999999999999616 2
82.099999999999611 2
82.199999999999605 2
82.299999999999599 2
82.399999999999594 2
82.499999999999588 2
82.599999999999582 2
82.699999999999577 2
82.799999999999571 2
82.899999999999565 2
82.999999999999559 2
83.099999999999554 2
83.199999999999548 2
83.299999999999542 2
83.399999999999537 2
83.499999999999531 2
83.599999999999525 2
83.69999999999952 2
83.799999999999514 2
83.899999999999508 2
83.999999999999503 2
84.099999999999497 2
84.199999999999491 2
84.299999999999486 2
84.39999999999948 2
84.499999999999474 2
84.599999999999469 2
84.699999999999463 2
84.799999999999457 2
84.899999999999451 2
84.999999999999446 2
85.09999999999944 2
85.199999999999434 2
85.299999999999429 2
85.399999999999423 2
85.499999999999417 2
85.599999999999412 2
85.699999999999406 2
85.7999999999994 2
85.899999999999395 2
85.999999999999389 2
86.099999999999383 2
86.199999999999378 2
86.299999999999372 2
86.399999999999366 2
86.499999999999361 2
86.599999999999355 2
86.699999999999349 2
86.799999999999343 2
86.899999999999338 2
86.999999999999332 2
87.099999999999326 2
87.199999999999321 2
87.299999999999315 2
87.399999999999309 2
87.499999999999304 2
87.599999999999298 2
87.699999999999292 2
87.799999999999287 2
87.899999999999281 2
87.999999999999275 2
88.09999999999927 2
88.199999999999264 2
88.299999999999258 2
88.399999999999253 2
88.499999999999247 2
88.599999999999241 2
88.699999999999235 2
88.79999999999923 2
88.899999999999224 2
88.999999999999218 2
89.099999999999213 2
89.199999999999207 2
89.299999999999201 2
89.399999999999196 2
89.49999999999919 2
89.599999999999184 2
89.699999999999179 2
89.799999999999173 2
89.899999999999167 2
89.999999999999162 2
90.099999999999156 2
90.19999999999915 2
90.299999999999145 2
90.399999999999139 2
90.499999999999133 2
90.599999999999127 2
90.699999999999122 2
90.799999999999116 2
90.89999999999911 2
90.999999999999105 2
91.099999999999099 2
91.199999999999093 2
91.299999999999088 2
91.399999999999082 2
91.499999999999076 2
91.599999999999071 2
91.699999999999065 2
91.799999999999059 2
91.899999999999054 2
91.999999999999048 2
92.099999999999042 2
92.199999999999037 2
92.299999999999031 2
92.399999999999025 2
92.499999999999019 2
92.599999999999014 2
92.699999999999008 2
92.799999999999002 2
92.899999999998997 2
92.999999999998991 2
93.099999999998985 2
93.19999999999898 2
93.299999999998974 2
93.399999999998968 2
93.499999999998963 2
93.599999999998957 2
93.699999999998951 2
93.799999999998946 2
93.89999999999894 2
93.999999999998934 2
94.099999999998929 2
94.199999999998923 2
94.299999999998917 2
94.399999999998911 2
94.499999999998906 2
94.5999999999989 2
94.699999999998894 2
94.799999999998889 2
94.899999999998883 2
94.999999999998877 2
95.099999999998872 2
95.199999999998866 2
95.29999999999886 2
95.399999999998855 2
95.499999999998849 2
95.599999999998843 2
95.699999999998838 2
95.799999999998832 2
95.899999999998826 2
95.99999999999882 2
96.099999999998815 2
96.199999999998809 2
96.299999999998803 2
96.399999999998798 2
96.499999999998792 2
96.599999999998786 2
96.699999999998781 2
96.799999999998775 2
96.899999999998769 2
96.999999999998764 2
97.099999999998758 2
97.199999999998752 2
97.299999999998747 2
97.399999999998741 2
97.499999999998735 2
97.59999999999873 2
97.699999999998724 2
97.799999999998718 2
97.899999999998712 2
97.999999999998707 2
98.099999999998701 2
98.199999999998695 2
98.29999999999869 2
98.399999999998684 2
98.499999999998678 2
98.599999999998673 2
98.699999999998667 2
98.799999999998661 2
98.899999999998656 2
98.99999999999865 2
99.099999999998644 2
99.199999999998639 2
99.299999999998633 2
99.399999999998627 2
99.499999999998622 2
99.599999999998616 2
99.69999999999861 2
99.799999999998604 2
99.899999999998599 2
99.999999999998593 2
100.09999999999859 2
100.19999999999858 2
100.29999999999858 2
100.39999999999857 2
100.49999999999856 2
100.59999999999856 2
100.69999999999855 2
100.79999999999855 2
100.89999999999854 2
100.99999999999854 2
101.09999999999853 2
101.19999999999852 2
101.29999999999852 2
101.39999999999851 2
101.49999999999851 2
101.5999999999985 2
101.6999999999985 2
101.79999999999849 2
101.89999999999849 2
101.99999999999848 2
102.09999999999847 2
102.19999999999847 2
102.29999999999846 2
102.39999999999846 2
102.49999999999845 2
102.59999999999845 2
102.69999999999844 2
102.79999999999843 2
102.89999999999843 2
102.99999999999842 2
103.09999999999842 2
103.19999999999841 2
103.29999999999841 2
103.3999999999984 2
103.49999999999839 2
103.59999999999839 2
103.69999999999838 2
103.79999999999838 2
103.89999999999837 2
103.99999999999837 2
104.09999999999836 2
104.19999999999835 2
104.29999999999835 2
104.39999999999834 2
104.49999999999834 2
104.59999999999833 2
104.69999999999833 2
104.79999999999832 2
104.89999999999831 2
104.99999999999831 2
105.0999999999983 2
105.1999999999983 2
105.29999999999829 2
105.39999999999829 2
105.49999999999828 2
105.59999999999827 2
105.69999999999827 2
105.79999999999826 2
105.89999999999826 2
105.99999999999825 2
106.09999999999825 2
106.19999999999824 2
106.29999999999824 2
106.39999999999823 2
106.49999999999822 2
106.59999999999822 2
106.69999999999821 2
106.79999999999821 2
106.8999999999982 2
106.9999999999982 2
107.09999999999819 2
107.19999999999818 2
107.29999999999818 2
107.39999999999817 2
107.49999999999817 2
107.59999999999816 2
107.69999999999816 2
107.79999999999815 2
107.89999999999814 2
107.99999999999814 2
108.09999999999813 2
108.19999999999813 2
108.29999999999812 2
108.39999999999812 2
108.49999999999811 2
108.5999999999981 2
108.6999999999981 2
108.79999999999809 2
108.89999999999809 2
108.99999999999808 2
109.09999999999808 2
109.19999999999807 2
109.29999999999806 2
109.39999999999806 2
109.49999999999805 2
109.59999999999805 2
109.69999999999804 2
109.79999999999804 2
109.89999999999803 2
109.99999999999802 2
110.09999999999802 2
110.19999999999801 2
110.29999999999801 2
110.399999999998 2
110.499999999998 2
110.59999999999799 2
110.69999999999798 2
110.79999999999798 2
110.89999999999797 2
110.99999999999797 2
111.09999999999796 2
111.19999999999796 2
111.29999999999795 2
111.39999999999795 2
111.49999999999794 2
111.59999999999793 2
111.69999999999793 2
111.79999999999792 2
111.89999999999792 2
111.99999999999791 2
112.09999999999791 2
112.1999999999979 2
112.29999999999789 2
112.39999999999789 2
112.49999999999788 2
112.59999999999788 2
112.69999999999787 2
112.79999999999787 2
112.89999999999786 2
112.99999999999785 2
113.09999999999785 2
113.19999999999784 2
113.29999999999784 2
113.39999999999783 2
113.49999999999783 2
113.59999999999782 2
113.69999999999781 2
113.79999999999781 2
113.8999999999978 2
113.9999999999978 2
114.09999999999779 2
114.19999999999779 2
114.29999999999778 2
114.39999999999777 2
114.49999999999777 2
114.59999999999776 2
114.69999999999776 2
114.79999999999775 2
114.89999999999775 2
114.99999999999774 2
115.09999999999773 2
115.19999999999773 2
115.29999999999772 2
115.39999999999772 2
115.49999999999771 2
115.59999999999771 2
115.6999999999977 2
115.79999999999769 2
115.89999999999769 2
115.99999999999768 2
116.09999999999768 2
116.19999999999767 2
116.29999999999767 2
116.39999999999766 2
116.49999999999766 2
116.59999999999765 2
116.69999999999764 2
116.79999999999764 2
116.89999999999763 2
116.99999999999763 2
117.09999999999762 2
117.19999999999762 2
117.29999999999761 2
117.3999999999976 2
117.4999999999976 2
117.59999999999759 2
117.69999999999759 2
117.79999999999758 2
117.89999999999758 2
117.99999999999757 2
118.09999999999756 2
118.19999999999756 2
118.29999999999755 2
118.39999999999755 2
118.49999999999754 2
118.59999999999754 2
118.69999999999753 2
118.79999999999752 2
118.89999999999752 2
118.99999999999751 2
119.09999999999751 2
119.1999999999975 2
119.2999999999975 2
119.39999999999749 2
119.49999999999748 2
119.59999999999748 2
119.69999999999747 2
119.79999999999747 2
119.89999999999746 2
119.99999999999746 2
120.09999999999745 2
120.19999999999744 2
120.29999999999744 2
120.39999999999743 2
120.49999999999743 2
120.59999999999742 2
120.69999999999742 2
120.79999999999741 2
120.89999999999741 2
120.9999999999974 2
121.09999999999739 2
121.19999999999739 2
121.29999999999738 2
121.39999999999738 2
121.49999999999737 2
121.59999999999737 2
121.69999999999736 2
121.79999999999735 2
121.89999999999735 2
121.99999999999734 2
122.09999999999734 2
122.19999999999733 2
122.29999999999733 2
122.39999999999732 2
122.49999999999731 2
122.59999999999731 2
122.6999999999973 2
122.7999999999973 2
122.89999999999729 2
122.99999999999729 2
123.09999999999728 2
123.19999999999727 2
123.29999999999727 2
123.39999999999726 2
123.49999999999726 2
123.59999999999725 2
123.69999999999725 2
123.79999999999724 2
123.89999999999723 2
123.99999999999723 2
124.09999999999722 2
124.19999999999722 2
124.29999999999721 2
124.39999999999721 2
124.4999999999972 2
124.59999999999719 2
124.69999999999719 2
124.79999999999718 2
124.89999999999718 2
124.99999999999717 2
125.09999999999717 2
125.19999999999716 2
125.29999999999715 2
125.39999999999715 2
125.49999999999714 2
125.59999999999714 2
125.69999999999713 2
125.79999999999713 2
125.89999999999712 2
125.99999999999712 2
126.09999999999711 2
126.1999999999971 2
126.2999999999971 2
126.39999999999709 2
126.49999999999709 2
126.59999999999708 2
126.69999999999708 2
126.79999999999707 2
126.89999999999706 2
126.99999999999706 2
127.09999999999705 2
127.19999999999705 2
127.29999999999704 2
127.39999999999704 2
127.49999999999703 2
127.59999999999702 2
127.69999999999702 2
127.79999999999701 2
127.89999999999701 2
127.999999999997 2
128.09999999999701 2
128.199999999997 2
128.299999999997 2
128.39999999999699 2
128.49999999999699 2
128.59999999999698 2
128.69999999999698 2
128.79999999999697 2
128.89999999999696 2
128.99999999999696 2
129.09999999999695 2
129.19999999999695 2
129.29999999999694 2
129.39999999999694 2
129.49999999999693 2
129.59999999999692 2
129.69999999999692 2
129.79999999999691 2
129.89999999999691 2
129.9999999999969 2
130.0999999999969 2
130.19999999999689 2
130.29999999999688 2
130.39999999999688 2
130.49999999999687 2
130.59999999999687 2
130.69999999999686 2
130.79999999999686 2
130.89999999999685 2
130.99999999999685 2
131.09999999999684 2
131.19999999999683 2
131.29999999999683 2
131.39999999999682 2
131.49999999999682 2
131.59999999999681 2
131.69999999999681 2
131.7999999999968 2
131.89999999999679 2
131.99999999999679 2
132.09999999999678 2
132.19999999999678 2
132.29999999999677 2
132.39999999999677 2
132.49999999999676 2
132.59999999999675 2
132.69999999999675 2
132.79999999999674 2
132.89999999999674 2
132.99999999999673 2
133.09999999999673 2
133.19999999999672 2
133.29999999999671 2
133.39999999999671 2
133.4999999999967 2
133.5999999999967 2
133.69999999999669 2
133.79999999999669 2
133.89999999999668 2
133.99999999999667 2
134.09999999999667 2
134.19999999999666 2
134.29999999999666 2
134.39999999999665 2
134.49999999999665 2
134.59999999999664 2
134.69999999999663 2
134.79999999999663 2
134.89999999999662 2
134.99999999999662 2
135.09999999999661 2
135.19999999999661 2
135.2999999999966 2
135.3999999999966 2
135.49999999999659 2
135.59999999999658 2
135.69999999999658 2
135.79999999999657 2
135.89999999999657 2
135.99999999999656 2
136.09999999999656 2
136.19999999999655 2
136.29999999999654 2
136.39999999999654 2
136.49999999999653 2
136.59999999999653 2
136.69999999999652 2
136.79999999999652 2
136.89999999999651 2
136.9999999999965 2
137.0999999999965 2
137.19999999999649 2
137.29999999999649 2
137.39999999999648 2
137.49999999999648 2
137.59999999999647 2
137.69999999999646 2
137.79999999999646 2
137.89999999999645 2
137.99999999999645 2
138.09999999999644 2
138.19999999999644 2
138.29999999999643 2
138.39999999999642 2
138.49999999999642 2
138.59999999999641 2
138.69999999999641 2
138.7999999999964 2
138.8999999999964 2
138.99999999999639 2
139.09999999999638 2
139.19999999999638 2
139.29999999999637 2
139.39999999999637 2
139.49999999999636 2
139.59999999999636 2
139.69999999999635 2
139.79999999999634 2
139.89999999999634 2
139.99999999999633 2
140.09999999999633 2
140.19999999999632 2
140.29999999999632 2
140.39999999999631 2
140.49999999999631 2
140.5999999999963 2
140.69999999999629 2
140.79999999999629 2
140.89999999999628 2
140.99999999999628 2
141.09999999999627 2
141.19999999999627 2
141.29999999999626 2
141.39999999999625 2
141.49999999999625 2
141.59999999999624 2
141.69999999999624 2
141.79999999999623 2
141.89999999999623 2
141.99999999999622 2
142.09999999999621 2
142.19999999999621 2
142.2999999999962 2
142.3999999999962 2
142.49999999999619 2
142.59999999999619 2
142.69999999999618 2
142.79999999999617 2
142.89999999999617 2
142.99999999999616 2
143.09999999999616 2
143.19999999999615 2
143.29999999999615 2
143.39999999999614 2
143.49999999999613 2
143.59999999999613 2
143.69999999999612 2
143.79999999999612 2
143.89999999999611 2
143.99999999999611 2
144.0999999999961 2
144.19999999999609 2
144.29999999999609 2
144.39999999999608 2
144.49999999999608 2
144.59999999999607 2
144.69999999999607 2
144.79999999999606 2
144.89999999999606 2
144.99999999999605 2
145.09999999999604 2
145.19999999999604 2
145.29999999999603 2
145.39999999999603 2
145.49999999999602 2
145.59999999999602 2
145.69999999999601 2
145.799999999996 2
145.899999999996 2
145.99999999999599 2
146.09999999999599 2
146.19999999999598 2
146.29999999999598 2
146.39999999999597 2
146.49999999999596 2
146.59999999999596 2
146.69999999999595 2
146.79999999999595 2
146.89999999999594 2
146.99999999999594 2
147.09999999999593 2
147.19999999999592 2
147.29999999999592 2
147.39999999999591 2
147.49999999999591 2
147.5999999999959 2
147.6999999999959 2
147.79999999999589 2
147.89999999999588 2
147.99999999999588 2
148.09999999999587 2
148.19999999999587 2
148.29999999999586 2
148.39999999999586 2
148.49999999999585 2
148.59999999999584 2
148.69999999999584 2
148.79999999999583 2
148.89999999999583 2
148.99999999999582 2
149.09999999999582 2
149.19999999999581 2
149.2999999999958 2
149.3999999999958 2
149.49999999999579 2
149.59999999999579 2
149.69999999999578 2
149.79999999999578 2
149.89999999999577 2
149.99999999999577 2
150.09999999999576 2
150.19999999999575 2
150.29999999999575 2
150.39999999999574 2
150.49999999999574 2
150.59999999999573 2
150.69999999999573 2
150.79999999999572 2
150.89999999999571 2
150.99999999999571 2
151.0999999999957 2
151.1999999999957 2
151.29999999999569 2
151.39999999999569 2
151.49999999999568 2
151.59999999999567 2
151.69999999999567 2
151.79999999999566 2
151.89999999999566 2
151.99999999999565 2
152.09999999999565 2
152.19999999999564 2
152.29999999999563 2
152.39999999999563 2
152.49999999999562 2
152.59999999999562 2
152.69999999999561 2
152.79999999999561 2
152.8999999999956 2
152.99999999999559 2
153.09999999999559 2
153.19999999999558 2
153.29999999999558 2
153.39999999999557 2
153.49999999999557 2
153.59999999999556 2
153.69999999999555 2
153.79999999999555 2
153.89999999999554 2
153.99999999999554 2
154.09999999999553 2
154.19999999999553 2
154.29999999999552 2
154.39999999999552 2
154.49999999999551 2
154.5999999999955 2
154.6999999999955 2
154.79999999999549 2
154.89999999999549 2
154.99999999999548 2
155.09999999999548 2
155.19999999999547 2
155.29999999999546 2
155.39999999999546 2
155.49999999999545 2
155.59999999999545 2
155.69999999999544 2
155.79999999999544 2
155.89999999999543 2
155.99999999999542 2
156.09999999999542 2
156.19999999999541 2
156.29999999999541 2
156.3999999999954 2
156.4999999999954 2
156.59999999999539 2
156.69999999999538 2
156.79999999999538 2
156.89999999999537 2
156.99999999999537 2
157.09999999999536 2
157.19999999999536 2
157.29999999999535 2
157.39999999999534 2
157.49999999999534 2
157.59999999999533 2
157.69999999999533 2
157.79999999999532 2
157.89999999999532 2
157.99999999999531 2
158.0999999999953 2
158.1999999999953 2
158.29999999999529 2
158.39999999999529 2
158.49999999999528 2
158.59999999999528 2
158.69999999999527 2
158.79999999999526 2
158.89999999999526 2
158.99999999999525 2
159.09999999999525 2
159.19999999999524 2
159.29999999999524 2
159.39999999999523 2
159.49999999999523 2
159.59999999999522 2
159.69999999999521 2
159.79999999999521 2
159.8999999999952 2
159.9999999999952 2
160.09999999999519 2
160.19999999999519 2
160.29999999999518 2
160.39999999999517 2
160.49999999999517 2
160.59999999999516 2
160.69999999999516 2
160.79999999999515 2
160.89999999999515 2
160.99999999999514 2
161.09999999999513 2
161.19999999999513 2
161.29999999999512 2
161.39999999999512 2
161.49999999999511 2
161.59999999999511 2
161.6999999999951 2
161.79999999999509 2
161.89999999999509 2
161.99999999999508 2
162.09999999999508 2
162.19999999999507 2
162.29999999999507 2
162.39999999999506 2
162.49999999999505 2
162.59999999999505 2
162.69999999999504 2
162.79999999999504 2
162.89999999999503 2
162.99999999999503 2
163.09999999999502 2
163.19999999999501 2
163.29999999999501 2
163.399999999995 2
163.499999999995 2
163.59999999999499 2
163.69999999999499 2
163.79999999999498 2
163.89999999999498 2
163.99999999999497 2
164.09999999999496 2
164.19999999999496 2
164.29999999999495 2
164.39999999999495 2
164.49999999999494 2
164.59999999999494 2
164.69999999999493 2
164.79999999999492 2
164.89999999999492 2
164.99999999999491 2
165.09999999999491 2
165.1999999999949 2
165.2999999999949 2
165.39999999999489 2
165.49999999999488 2
165.59999999999488 2
165.69999999999487 2
165.79999999999487 2
165.89999999999486 2
165.99999999999486 2
166.09999999999485 2
166.19999999999484 2
166.29999999999484 2
166.39999999999483 2
166.49999999999483 2
166.59999999999482 2
166.69999999999482 2
166.79999999999481 2
166.8999999999948 2
166.9999999999948 2
167.09999999999479 2
167.19999999999479 2
167.29999999999478 2
167.39999999999478 2
167.49999999999477 2
167.59999999999476 2
167.69999999999476 2
167.79999999999475 2
167.89999999999475 2
167.99999999999474 2
168.09999999999474 2
168.19999999999473 2
168.29999999999472 2
168.39999999999472 2
168.49999999999471 2
168.59999999999471 2
168.6999999999947 2
168.7999999999947 2
168.89999999999469 2
168.99999999999469 2
169.09999999999468 2
169.19999999999467 2
169.29999999999467 2
169.39999999999466 2
169.49999999999466 2
169.59999999999465 2
169.69999999999465 2
169.79999999999464 2
169.89999999999463 2
169.99999999999463 2
170.09999999999462 2
170.19999999999462 2
170.29999999999461 2
170.39999999999461 2
170.4999999999946 2
170.59999999999459 2
170.69999999999459 2
170.79999999999458 2
170.89999999999458 2
170.99999999999457 2
171.09999999999457 2
171.19999999999456 2
171.29999999999455 2
171.39999999999455 2
171.49999999999454 2
171.59999999999454 2
171.69999999999453 2
171.79999999999453 2
171.89999999999452 2
171.99999999999451 2
172.09999999999451 2
172.1999999999945 2
172.2999999999945 2
172.39999999999449 2
172.49999999999449 2
172.59999999999448 2
172.69999999999447 2
172.79999999999447 2
172.89999999999446 2
172.99999999999446 2
173.09999999999445 2
173.19999999999445 2
173.29999999999444 2
173.39999999999444 2
173.49999999999443 2
173.59999999999442 2
173.69999999999442 2
173.79999999999441 2
173.89999999999441 2
173.9999999999944 2
174.0999999999944 2
174.19999999999439 2
174.29999999999438 2
174.39999999999438 2
174.49999999999437 2
174.59999999999437 2
174.69999999999436 2
174.79999999999436 2
174.89999999999435 2
174.99999999999434 2
175.09999999999434 2
175.19999999999433 2
175.29999999999433 2
175.39999999999432 2
175.49999999999432 2
175.59999999999431 2
175.6999999999943 2
175.7999999999943 2
175.89999999999429 2
175.99999999999429 2
176.09999999999428 2
176.19999999999428 2
176.29999999999427 2
176.39999999999426 2
176.49999999999426 2
176.59999999999425 2
176.69999999999425 2
176.79999999999424 2
176.89999999999424 2
176.99999999999423 2
177.09999999999422 2
177.19999999999422 2
177.29999999999421 2
177.39999999999421 2
177.4999999999942 2
177.5999999999942 2
177.69999999999419 2
177.79999999999418 2
177.89999999999418 2
177.99999999999417 2
178.09999999999417 2
178.19999999999416 2
178.29999999999416 2
178.39999999999415 2
178.49999999999415 2
178.59999999999414 2
178.69999999999413 2
178.79999999999413 2
178.89999999999412 2
178.99999999999412 2
179.09999999999411 2
179.19999999999411 2
179.2999999999941 2
179.39999999999409 2
179.49999999999409 2
179.59999999999408 2
179.69999999999408 2
179.79999999999407 2
179.89999999999407 2
179.99999999999406 2
180.09999999999405 2
180.19999999999405 2
180.29999999999404 2
180.39999999999404 2
180.49999999999403 2
180.59999999999403 2
180.69999999999402 2
180.79999999999401 2
180.89999999999401 2
180.999999999994 2
181.099999999994 2
181.19999999999399 2
181.29999999999399 2
181.39999999999398 2
181.49999999999397 2
181.59999999999397 2
181.69999999999396 2
181.79999999999396 2
181.89999999999395 2
181.99999999999395 2
182.09999999999394 2
182.19999999999393 2
182.29999999999393 2
182.39999999999392 2
182.49999999999392 2
182.59999999999391 2
182.69999999999391 2
182.7999999999939 2
182.8999999999939 2
182.99999999999389 2
183.09999999999388 2
183.19999999999388 2
183.29999999999387 2
183.39999999999387 2
183.49999999999386 2
183.59999999999386 2
183.69999999999385 2
183.79999999999384 2
183.89999999999384 2
183.99999999999383 2
184.09999999999383 2
184.19999999999382 2
184.29999999999382 2
184.39999999999381 2
184.4999999999938 2
184.5999999999938 2
184.69999999999379 2
184.79999999999379 2
184.89999999999378 2
184.99999999999378 2
185.09999999999377 2
185.19999999999376 2
185.29999999999376 2
185.39999999999375 2
185.49999999999375 2
185.59999999999374 2
185.69999999999374 2
185.79999999999373 2
185.89999999999372 2
185.99999999999372 2
186.09999999999371 2
186.19999999999371 2
186.2999999999937 2
186.3999999999937 2
186.49999999999369 2
186.59999999999368 2
186.69999999999368 2
186.79999999999367 2
186.89999999999367 2
186.99999999999366 2
187.09999999999366 2
187.19999999999365 2
187.29999999999364 2
187.39999999999364 2
187.49999999999363 2
187.59999999999363 2
187.69999999999362 2
187.79999999999362 2
187.89999999999361 2
187.99999999999361 2
188.0999999999936 2
188.19999999999359 2
188.29999999999359 2
188.39999999999358 2
188.49999999999358 2
188.59999999999357 2
188.69999999999357 2
188.79999999999356 2
188.89999999999355 2
188.99999999999355 2
189.09999999999354 2
189.19999999999354 2
189.29999999999353 2
189.39999999999353 2
189.49999999999352 2
189.59999999999351 2
189.69999999999351 2
189.7999999999935 2
189.8999999999935 2
189.99999999999349 2
190.09999999999349 2
190.19999999999348 2
190.29999999999347 2
190.39999999999347 2
190.49999999999346 2
190.59999999999346 2
190.69999999999345 2
190.79999999999345 2
190.89999999999344 2
190.99999999999343 2
191.09999999999343 2
191.19999999999342 2
191.29999999999342 2
191.39999999999341 2
191.49999999999341 2
191.5999999999934 2
191.69999999999339 2
191.79999999999339 2
191.89999999999338 2
191.99999999999338 2
192.09999999999337 2
192.19999999999337 2
192.29999999999336 2
192.39999999999336 2
192.49999999999335 2
192.59999999999334 2
192.69999999999334 2
192.79999999999333 2
192.89999999999333 2
192.99999999999332 2
193.09999999999332 2
193.19999999999331 2
193.2999999999933 2
193.3999999999933 2
193.49999999999329 2
193.59999999999329 2
193.69999999999328 2
193.79999999999328 2
193.89999999999327 2
193.99999999999326 2
194.09999999999326 2
194.19999999999325 2
194.29999999999325 2
194.39999999999324 2
194.49999999999324 2
194.59999999999323 2
194.69999999999322 2
194.79999999999322 2
194.89999999999321 2
194.99999999999321 2
195.0999999999932 2
195.1999999999932 2
195.29999999999319 2
195.39999999999318 2
195.49999999999318 2
195.59999999999317 2
195.69999999999317 2
195.79999999999316 2
195.89999999999316 2
195.99999999999315 2
196.09999999999314 2
196.19999999999314 2
196.29999999999313 2
196.39999999999313 2
196.49999999999312 2
196.59999999999312 2
196.69999999999311 2
196.7999999999931 2
196.8999999999931 2
196.99999999999309 2
197.09999999999309 2
197.19999999999308 2
197.29999999999308 2
197.39999999999307 2
197.49999999999307 2
197.59999999999306 2
197.69999999999305 2
197.79999999999305 2
197.89999999999304 2
197.99999999999304 2
198.09999999999303 2.5
198.19999999999303 2.5
198.29999999999302 2.5
198.39999999999301 2.5
198.49999999999301 2.5
198.599999999993 2.5
198.699999999993 2.5
198.79999999999299 2.5
198.89999999999299 2.9
198.99999999999298 2.9
199.09999999999297 3.58966
199.19999999999297 3.58966
199.29999999999296 3.58966
199.39999999999296 3.58966
199.49999999999295 4.14681
199.59999999999295 4.14681
199.69999999999294 4.14681
199.79999999999293 4.14681
199.89999999999293 4.14681
199.99999999999292 4.14681
200.09999999999292 4.14681
200.19999999999291 4.14681
200.29999999999291 4.14681
200.3999999999929 4.14681
200.49999999999289 4.14681
200.59999999999289 4.14681
200.69999999999288 4.14681
200.79999999999288 4.14681
200.89999999999287 4.14681
200.99999999999287 4.14681
201.09999999999286 4.14681
201.19999999999285 4.14681
201.29999999999285 4.14681
201.39999999999284 4.14681
201.49999999999284 4.14681
201.59999999999283 4.14681
201.69999999999283 4.14681
201.79999999999282 4.14681
201.89999999999281 4.14681
201.99999999999281 4.14681
202.0999999999928 4.14681
202.1999999999928 4.14681
202.29999999999279 4.14681
202.39999999999279 4.38796
202.49999999999278 4.38796
202.59999999999278 4.38796
202.69999999999277 4.38796
202.79999999999276 4.38796
202.89999999999276 4.38796
202.99999999999275 4.38796
203.09999999999275 4.38796
203.19999999999274 4.38796
203.29999999999274 4.38796
203.39999999999273 4.38796
203.49999999999272 4.38796
203.59999999999272 4.38796
203.69999999999271 4.38796
203.79999999999271 4.38796
203.8999999999927 4.38796
203.9999999999927 4.38796
204.09999999999269 4.38796
204.19999999999268 2
204.29999999999268 2
204.39999999999267 2
204.49999999999267 2.5
204.59999999999266 2.9
204.69999999999266 3.24483
204.79999999999265 3.24483
204.89999999999264 3.86119
204.99999999999264 3.86119
205.09999999999263 3.86119
205.19999999999263 3.86119
205.29999999999262 3.86119
205.39999999999262 3.86119
205.49999999999261 3.86119
205.5999999999926 3.86119
205.6999999999926 3.86119
205.79999999999259 3.86119
205.89999999999259 3.86119
205.99999999999258 3.86119
206.09999999999258 3.86119
206.19999999999257 3.86119
206.29999999999256 3.86119
206.39999999999256 3.86119
206.49999999999255 3.86119
206.59999999999255 3.86119
206.69999999999254 3.86119
206.79999999999254 3.86119
206.89999999999253 2
206.99999999999253 2
207.09999999999252 2
207.19999999999251 2
207.29999999999251 2
207.3999999999925 2
207.4999999999925 2
207.59999999999249 2
207.69999999999249 2
207.79999999999248 2
207.89999999999247 2
207.99999999999247 2
208.09999999999246 2
208.19999999999246 2
208.29999999999245 2
208.39999999999245 2
208.49999999999244 2
208.59999999999243 2
208.69999999999243 2
208.79999999999242 2
208.89999999999242 2
208.99999999999241 2
209.09999999999241 2
209.1999999999924 2
209.29999999999239 2
209.39999999999239 2
209.49999999999238 2
209.59999999999238 2
209.69999999999237 2
209.79999999999237 2
209.89999999999236 2
209.99999999999235 2
210.09999999999235 2
210.19999999999234 2
210.29999999999234 2
210.39999999999233 2
210.49999999999233 2
210.59999999999232 2
210.69999999999231 2
210.79999999999231 2
210.8999999999923 2
210.9999999999923 2
211.09999999999229 2
211.19999999999229 2
211.29999999999228 2
211.39999999999227 2
211.49999999999227 2
211.59999999999226 2
211.69999999999226 2
211.79999999999225 2
211.89999999999225 2
211.99999999999224 2
212.09999999999224 2
212.19999999999223 2
212.29999999999222 2
212.39999999999222 2
212.49999999999221 2
212.59999999999221 2
212.6999999999922 2
212.7999999999922 2
212.89999999999219 2
212.99999999999218 2.5
213.09999999999218 3.3
213.19999999999217 3.3
213.29999999999217 3.3
213.39999999999216 3.3
213.49999999999216 3.3
213.59999999999215 3.3
213.69999999999214 3.3
213.79999999999214 3.3
213.89999999999213 3.3
213.99999999999213 3.3
214.09999999999212 3.3
214.19999999999212 3.3
214.29999999999211 3.3
214.3999999999921 3.3
214.4999999999921 3.3
214.59999999999209 3.3
214.69999999999209 3.3
214.79999999999208 3.3
214.89999999999208 3.3
214.99999999999207 3.3
215.09999999999206 3.3
215.19999999999206 3.3
215.29999999999205 3.3
215.39999999999205 3.3
215.49999999999204 3.3
215.59999999999204 3.3
215.69999999999203 3.3
215.79999999999202 3.3
215.89999999999202 3.3
215.99999999999201 3.3
216.09999999999201 3.3
216.199999999992 3.3
216.299999999992 3.3
216.39999999999199 3.3
216.49999999999199 3.3
216.59999999999198 3.3
216.69999999999197 3.3
216.79999999999197 3.3
216.89999999999196 3.3
216.99999999999196 3.3
217.09999999999195 3.3
217.19999999999195 3.3
217.29999999999194 3.3
217.39999999999193 3.3
217.49999999999193 3.3
217.59999999999192 3.3
217.69999999999192 3.3
217.79999999999191 3.3
217.89999999999191 3.3
217.9999999999919 3.3
218.09999999999189 3.3
218.19999999999189 3.3
218.29999999999188 3.3
218.39999999999188 3.3
218.49999999999187 3.3
218.59999999999187 3.3
218.69999999999186 3.3
218.79999999999185 3.3
218.89999999999185 3.3
218.99999999999184 3.3
219.09999999999184 3.3
219.19999999999183 3.3
219.29999999999183 3.3
219.39999999999182 3.3
219.49999999999181 3.3
219.59999999999181 3.3
219.6999999999918 3.3
219.7999999999918 3.3
219.89999999999179 3.3
219.99999999999179 3.3
220.09999999999178 3.3
220.19999999999177 3.3
220.29999999999177 3.3
220.39999999999176 3.3
220.49999999999176 3.3
220.59999999999175 3.3
220.69999999999175 3.3
220.79999999999174 3.3
220.89999999999173 3.3
220.99999999999173 3.3
221.09999999999172 3.3
221.19999999999172 3.3
221.29999999999171 3.3
221.39999999999171 3.3
221.4999999999917 3.3
221.5999999999917 3.3
221.69999999999169 3.3
221.79999999999168 3.3
221.89999999999168 3.3
221.99999999999167 3.3
222.09999999999167 3.3
222.19999999999166 3.3
222.29999999999166 3.3
222.39999999999165 3.3
222.49999999999164 3.3
222.59999999999164 3.3
222.69999999999163 3.3
222.79999999999163 3.3
222.89999999999162 3.3
222.99999999999162 3.3
223.09999999999161 3.3
223.1999999999916 3.3
223.2999999999916 3.3
223.39999999999159 3.3
223.49999999999159 3.3
223.59999999999158 3.3
223.69999999999158 3.3
223.79999999999157 3.3
223.89999999999156 3.3
223.99999999999156 3.3
224.09999999999155 3.3
224.19999999999155 3.3
224.29999999999154 3.3
224.39999999999154 3.3
224.49999999999153 3.3
224.59999999999152 3.3
224.69999999999152 3.3
224.79999999999151 3.3
224.89999999999151 3.3
224.9999999999915 3.3
225.0999999999915 3.3
225.19999999999149 3.3
225.29999999999148 3.3
225.39999999999148 2
225.49999999999147 2
225.59999999999147 2
225.69999999999146 2
225.79999999999146 2
225.89999999999145 2
225.99999999999145 2
226.09999999999144 2
226.19999999999143 2
226.29999999999143 2
226.39999999999142 2
226.49999999999142 2
226.59999999999141 2
226.69999999999141 2
226.7999999999914 2
226.89999999999139 2
226.99999999999139 2
227.09999999999138 2.9
227.19999999999138 3.3
227.29999999999137 3.3
227.39999999999137 3.3
227.49999999999136 3.3
227.59999999999135 3.3
227.69999999999135 3.3
227.79999999999134 3.3
227.89999999999134 3.3
227.99999999999133 3.3
228.09999999999133 3.3
228.19999999999132 3.3
228.29999999999131 3.3
228.39999999999131 3.3
228.4999999999913 3.3
228.5999999999913 3.3
228.69999999999129 3.3
228.79999999999129 3.3
228.89999999999128 3.3
228.99999999999127 3.3
229.09999999999127 3.3
229.19999999999126 3.3
229.29999999999126 3.3
229.39999999999125 3.3
229.49999999999125 3.3
229.59999999999124 3.3
229.69999999999123 3.3
229.79999999999123 3.3
229.89999999999122 3.3
229.99999999999122 3.3
230.09999999999121 3.3
230.19999999999121 3.3
230.2999999999912 3.3
230.39999999999119 3.3
230.49999999999119 3.3
230.59999999999118 3.3
230.69999999999118 3.3
230.79999999999117 3.3
230.89999999999117 3.3
230.99999999999116 3.3
231.09999999999116 3.3
231.19999999999115 3.3
231.29999999999114 3.3
231.39999999999114 2
231.49999999999113 2
231.59999999999113 2
231.69999999999112 2
231.79999999999112 2
231.89999999999111 2
231.9999999999911 2
232.0999999999911 2
232.19999999999109 2
232.29999999999109 2
232.39999999999108 2
232.49999999999108 2
232.59999999999107 2
232.69999999999106 2
232.79999999999106 2
232.89999999999105 2
232.99999999999105 2
233.09999999999104 2
233.19999999999104 2
233.29999999999103 2
233.39999999999102 2
233.49999999999102 2
233.59999999999101 2
233.69999999999101 2
233.799999999991 2
233.899999999991 2
233.99999999999099 2
234.09999999999098 2
234.19999999999098 2
234.29999999999097 2
234.39999999999097 2
234.49999999999096 2
234.59999999999096 2
234.69999999999095 2
234.79999999999094 2
234.89999999999094 2
234.99999999999093 2
235.09999999999093 2
235.19999999999092 2
235.29999999999092 2
235.39999999999091 2
235.49999999999091 2
235.5999999999909 2
235.69999999999089 2
235.79999999999089 2
235.89999999999088 2
235.99999999999088 2
236.09999999999087 2
236.19999999999087 2
236.29999999999086 2
236.39999999999085 2
236.49999999999085 2
236.59999999999084 2
236.69999999999084 2
236.79999999999083 2
236.89999999999083 2
236.99999999999082 2
237.09999999999081 2
237.19999999999081 2
237.2999999999908 2
237.3999999999908 2
237.49999999999079 2
237.59999999999079 2
237.69999999999078 2
237.79999999999077 2
237.89999999999077 2
237.99999999999076 2
238.09999999999076 2
238.19999999999075 2
238.29999999999075 2
238.39999999999074 2
238.49999999999073 2
238.59999999999073 2
238.69999999999072 2
238.79999999999072 2
238.89999999999071 2
238.99999999999071 2
239.0999999999907 2
239.19999999999069 2
239.29999999999069 2
239.39999999999068 2
239.49999999999068 2
239.59999999999067 2
239.69999999999067 2
239.79999999999066 2
239.89999999999065 2
239.99999999999065 2
240.09999999999064 2
240.19999999999064 2
240.29999999999063 2
240.39999999999063 2
240.49999999999062 2
240.59999999999062 2
240.69999999999061 2
240.7999999999906 2
240.8999999999906 2
240.99999999999059 2
241.09999999999059 2
241.19999999999058 2
241.29999999999058 2
241.39999999999057 2
241.49999999999056 2
241.59999999999056 2
241.69999999999055 2
241.79999999999055 2
241.89999999999054 2
241.99999999999054 2
242.09999999999053 2
242.19999999999052 2
242.29999999999052 2
242.39999999999051 2
242.49999999999051 2
242.5999999999905 2
242.6999999999905 2
242.79999999999049 2
242.89999999999048 2
242.99999999999048 2
243.09999999999047 2
243.19999999999047 2
243.29999999999046 2
243.39999999999046 2
243.49999999999045 2
243.59999999999044 2
243.69999999999044 2
243.79999999999043 2
243.89999999999043 2
243.99999999999042 2
244.09999999999042 2
244.19999999999041 2
244.2999999999904 2
244.3999999999904 2
244.49999999999039 2
244.59999999999039 2
244.69999999999038 2
244.79999999999038 2
244.89999999999037 2
244.99999999999037 2
245.09999999999036 2
245.19999999999035 2
245.29999999999035 2
245.39999999999034 2
245.49999999999034 2
245.59999999999033 2
245.69999999999033 2
245.79999999999032 2
245.89999999999031 2
245.99999999999031 2
246.0999999999903 2
246.1999999999903 2
246.29999999999029 2
246.39999999999029 2
246.49999999999028 2
246.59999999999027 2
246.69999999999027 2
246.79999999999026 2
246.89999999999026 2
246.99999999999025 2
247.09999999999025 2
247.19999999999024 2
247.29999999999023 2
247.39999999999023 2
247.49999999999022 2
247.59999999999022 2
247.69999999999021 2
247.79999999999021 2
247.8999999999902 2
247.99999999999019 2
248.09999999999019 2
248.19999999999018 2
248.29999999999018 2
248.39999999999017 2
248.49999999999017 2
248.59999999999016 2
248.69999999999015 2
248.79999999999015 2
248.89999999999014 2
248.99999999999014 2
249.09999999999013 2
249.19999999999013 2
249.29999999999012 2
249.39999999999011 2
249.49999999999011 2
249.5999999999901 2
249.6999999999901 2
249.79999999999009 2
249.89999999999009 2
249.99999999999008 2
250.09999999999008 2
250.19999999999007 2
250.29999999999006 2
250.39999999999006 2
250.49999999999005 2
250.59999999999005 2
250.69999999999004 2
250.79999999999004 2
250.89999999999003 2
250.99999999999002 2
251.09999999999002 2
251.19999999999001 2
251.29999999999001 2
251.39999999999 2
251.49999999999 2
251.59999999998999 2
251.69999999998998 2
251.79999999998998 2
251.89999999998997 2
251.99999999998997 2
252.09999999998996 2
252.19999999998996 2
252.29999999998995 2
252.39999999998994 2
252.49999999998994 2
252.59999999998993 2
252.69999999998993 2
252.79999999998992 2
252.89999999998992 2
252.99999999998991 2
253.0999999999899 2
253.1999999999899 2
253.29999999998989 2
253.39999999998989 2
253.49999999998988 2
253.59999999998988 2
253.69999999998987 2
253.79999999998986 2
253.89999999998986 2
253.99999999998985 2
254.09999999998985 2
254.19999999998984 2
254.29999999998984 2
254.39999999998983 2
254.49999999998983 2
254.59999999998982 2
254.69999999998981 2
254.79999999998981 2
254.8999999999898 2
254.9999999999898 2
255.09999999998979 2
255.19999999998979 2
255.29999999998978 2
255.39999999998977 2
255.49999999998977 2
255.59999999998976 2
255.69999999998976 2
255.79999999998975 2
255.89999999998975 2
255.99999999998974 2
256.09999999998973 2
256.19999999998976 2
256.29999999998978 2
256.3999999999898 2
256.49999999998983 2
256.59999999998985 2
256.69999999998987 2
256.79999999998989 2
256.89999999998992 2
256.99999999998994 2
257.09999999998996 2
257.19999999998998 2
257.29999999999001 2
257.39999999999003 2
257.49999999999005 2
257.59999999999008 2
257.6999999999901 2
257.79999999999012 2
257.89999999999014 2
257.99999999999017 2
258.09999999999019 2
258.19999999999021 2
258.29999999999023 2
258.39999999999026 2
258.49999999999028 2
258.5999999999903 2
258.69999999999033 2
258.79999999999035 2
258.89999999999037 2
258.99999999999039 2
259.09999999999042 2
259.19999999999044 2
259.29999999999046 2
259.39999999999048 2
259.49999999999051 2
259.59999999999053 2
259.69999999999055 2
259.79999999999058 2
259.8999999999906 2
259.99999999999062 2
260.09999999999064 2
260.19999999999067 2
260.29999999999069 2
260.39999999999071 2
260.49999999999073 2
260.59999999999076 2
260.69999999999078 2
260.7999999999908 2
260.89999999999083 2
260.99999999999085 2
261.09999999999087 2
261.19999999999089 2
261.29999999999092 2
261.39999999999094 2
261.49999999999096 2
261.59999999999098 2
261.69999999999101 2
261.79999999999103 2
261.89999999999105 2
261.99999999999108 2
262.0999999999911 2
262.19999999999112 2
262.29999999999114 2
262.39999999999117 2
262.49999999999119 2
262.59999999999121 2
262.69999999999123 2
262.79999999999126 2
262.89999999999128 2
262.9999999999913 2
263.09999999999133 2
263.19999999999135 2
263.29999999999137 2
263.39999999999139 2
263.49999999999142 2
263.59999999999144 2
263.69999999999146 2
263.79999999999148 2
263.89999999999151 2
263.99999999999153 2
264.09999999999155 2
264.19999999999158 2
264.2999999999916 2
264.39999999999162 2
264.49999999999164 2
264.59999999999167 2
264.69999999999169 2
264.79999999999171 2
264.89999999999173 2
264.99999999999176 2
265.09999999999178 2
265.1999999999918 2
265.29999999999183 2
265.39999999999185 2
265.49999999999187 2
265.59999999999189 2
265.69999999999192 2
265.79999999999194 2
265.89999999999196 2
265.99999999999199 2
266.09999999999201 2
266.19999999999203 2
266.29999999999205 2
266.39999999999208 2
266.4999999999921 2
266.59999999999212 2
266.69999999999214 2
266.79999999999217 2
266.89999999999219 2
266.99999999999221 2
267.09999999999224 2
267.19999999999226 2
267.29999999999228 2
267.3999999999923 2
267.49999999999233 2
267.59999999999235 2
267.69999999999237 2
267.79999999999239 2
267.89999999999242 2
267.99999999999244 2
268.09999999999246 2
268.19999999999249 2
268.29999999999251 2
268.39999999999253 2
268.49999999999255 2
268.59999999999258 2
268.6999999999926 2
268.79999999999262 2
268.89999999999264 2
268.99999999999267 2
269.09999999999269 2
269.19999999999271 2
269.29999999999274 2
269.39999999999276 2
269.49999999999278 2
269.5999999999928 2
269.69999999999283 2
269.79999999999285 2
269.89999999999287 2
269.99999999999289 2
270.09999999999292 2
270.19999999999294 2
270.29999999999296 2
270.39999999999299 2
270.49999999999301 2
270.59999999999303 2
270.69999999999305 2
270.79999999999308 2
270.8999999999931 2
270.99999999999312 2
271.09999999999314 2
271.19999999999317 2
271.29999999999319 2
271.39999999999321 2
271.49999999999324 2
271.59999999999326 2
271.69999999999328 2
271.7999999999933 2
271.89999999999333 2
271.99999999999335 2
272.09999999999337 2
272.19999999999339 2
272.29999999999342 2
272.39999999999344 2
272.49999999999346 2
272.59999999999349 2
272.69999999999351 2
272.79999999999353 2
272.89999999999355 2
272.99999999999358 2
273.0999999999936 2
273.19999999999362 2
273.29999999999364 2
273.39999999999367 2
273.49999999999369 2
273.59999999999371 2
273.69999999999374 2
273.79999999999376 2
273.89999999999378 2
273.9999999999938 2
274.09999999999383 2
274.19999999999385 2
274.29999999999387 2
274.3999999999939 2
274.49999999999392 2
274.59999999999394 2
274.69999999999396 2
274.79999999999399 2
274.89999999999401 2
274.99999999999403 2
275.09999999999405 2
275.19999999999408 2
275.2999999999941 2
275.39999999999412 2
275.49999999999415 2
275.59999999999417 2
275.69999999999419 2
275.79999999999421 2
275.89999999999424 2
275.99999999999426 2
276.09999999999428 2
276.1999999999943 2
276.29999999999433 2
276.39999999999435 2
276.49999999999437 2
276.5999999999944 2
276.69999999999442 2
276.79999999999444 2
276.89999999999446 2
276.99999999999449 2
277.09999999999451 2
277.19999999999453 2
277.29999999999455 2
277.39999999999458 2
277.4999999999946 2
277.59999999999462 2
277.69999999999465 2
277.79999999999467 2
277.89999999999469 2
277.99999999999471 2
278.09999999999474 2
278.19999999999476 2
278.29999999999478 2
278.3999999999948 2
278.49999999999483 2
278.59999999999485 2
278.69999999999487 2
278.7999999999949 2
278.89999999999492 2
278.99999999999494 2
279.09999999999496 2
279.19999999999499 2
279.29999999999501 2
279.39999999999503 2
279.49999999999505 2
279.59999999999508 2
279.6999999999951 2
279.79999999999512 2
279.89999999999515 2
279.99999999999517 2
280.09999999999519 2
280.19999999999521 2
280.29999999999524 2
280.39999999999526 2
280.49999999999528 2
280.5999999999953 2
280.69999999999533 2
280.79999999999535 2
280.89999999999537 2
280.9999999999954 2
281.09999999999542 2
281.19999999999544 2
281.29999999999546 2
281.39999999999549 2
281.49999999999551 2
281.59999999999553 2
281.69999999999555 2
281.79999999999558 2
281.8999999999956 2
281.99999999999562 2
282.09999999999565 2
282.19999999999567 2
282.29999999999569 2
282.39999999999571 2
282.49999999999574 2
282.59999999999576 2
282.69999999999578 2
282.7999999999958 2
282.89999999999583 2
282.99999999999585 2
283.09999999999587 2
283.1999999999959 2
283.29999999999592 2
283.39999999999594 2
283.49999999999596 2
283.59999999999599 2
283.69999999999601 2
283.79999999999603 2
283.89999999999606 2
283.99999999999608 2
284.0999999999961 2
284.19999999999612 2
284.29999999999615 2
284.39999999999617 2
284.49999999999619 2
284.59999999999621 2
284.69999999999624 2
284.79999999999626 2
284.89999999999628 2
284.99999999999631 2
285.09999999999633 2
285.19999999999635 2
285.29999999999637 2
285.3999999999964 2
285.49999999999642 2
285.59999999999644 2
285.69999999999646 2
285.79999999999649 2
285.89999999999651 2
285.99999999999653 2
286.09999999999656 2
286.19999999999658 2
286.2999999999966 2
286.39999999999662 2
286.49999999999665 2
286.59999999999667 2
286.69999999999669 2
286.79999999999671 2
286.89999999999674 2
286.99999999999676 2
287.09999999999678 2
287.19999999999681 2
287.29999999999683 2
287.39999999999685 2
287.49999999999687 2
287.5999999999969 2
287.69999999999692 2
287.79999999999694 2
287.89999999999696 2
287.99999999999699 2
288.09999999999701 2
288.19999999999703 2
288.29999999999706 2
288.39999999999708 2
288.4999999999971 2
288.59999999999712 2
288.69999999999715 2
288.79999999999717 2
288.89999999999719 2
288.99999999999721 2
289.09999999999724 2
289.19999999999726 2
289.29999999999728 2
289.39999999999731 2
289.49999999999733 2
289.59999999999735 2
289.69999999999737 2
289.7999999999974 2
289.89999999999742 2
289.99999999999744 2
290.09999999999746 2
290.19999999999749 2
290.29999999999751 2
290.39999999999753 2
290.49999999999756 2
290.59999999999758 2
290.6999999999976 2
290.79999999999762 2
290.89999999999765 2
290.99999999999767 2
291.09999999999769 2
291.19999999999771 2
291.29999999999774 2
291.39999999999776 2
291.49999999999778 2
291.59999999999781 2
291.69999999999783 2
291.79999999999785 2
291.89999999999787 2
291.9999999999979 2
292.09999999999792 2
292.19999999999794 2
292.29999999999797 2
292.39999999999799 2
292.49999999999801 2
292.59999999999803 2
292.69999999999806 2
292.79999999999808 2
292.8999999999981 2
292.99999999999812 2
293.09999999999815 2
293.19999999999817 2
293.29999999999819 2
293.39999999999822 2
293.49999999999824 2
293.59999999999826 2
293.69999999999828 2
293.79999999999831 2
293.89999999999833 2
293.99999999999835 2
294.09999999999837 2
294.1999999999984 2
294.29999999999842 2
294.39999999999844 2
294.49999999999847 2
294.59999999999849 2
294.69999999999851 2.5
294.79999999999853 2.5
294.89999999999856 2.5
294.99999999999858 2.9
295.0999999999986 2.9
295.19999999999862 2.9
295.29999999999865 3.24483
295.39999999999867 3.55301
295.49999999999869 3.86119
295.59999999999872 3.86119
295.69999999999874 3.86119
295.79999999999876 3.86119
295.89999999999878 3.86119
295.99999999999881 3.86119
296.09999999999883 3.86119
296.19999999999885 3.86119
296.29999999999887 3.86119
296.3999999999989 3.86119
296.49999999999892 3.86119
296.59999999999894 3.86119
296.69999999999897 3.86119
296.79999999999899 3.86119
296.89999999999901 3.86119
296.99999999999903 3.86119
297.09999999999906 3.86119
297.19999999999908 3.86119
297.2999999999991 3.86119
297.39999999999912 3.86119
297.49999999999915 3.86119
297.59999999999917 3.86119
297.69999999999919 3.86119
297.79999999999922 3.86119
297.89999999999924 3.86119
297.99999999999926 3.86119
298.09999999999928 3.86119
298.19999999999931 3.86119
298.29999999999933 3.86119
298.39999999999935 3.86119
298.49999999999937 3.86119
298.5999999999994 3.86119
298.69999999999942 3.86119
298.79999999999944 3.86119
298.89999999999947 3.86119
298.99999999999949 3.86119
299.09999999999951 3.86119
299.19999999999953 3.86119
299.29999999999956 3.86119
299.39999999999958 3.86119
299.4999999999996 3.86119
299.59999999999962 3.86119
299.69999999999965 3.86119
299.79999999999967 3.86119
299.89999999999969 3.86119
299.99999999999972 3.86119
300.09999999999974 3.86119
300.19999999999976 3.86119
300.29999999999978 3.86119
300.39999999999981 3.86119
300.49999999999983 3.86119
300.59999999999985 3.86119
300.69999999999987 3.86119
300.7999999999999 3.86119
300.89999999999992 3.86119
300.99999999999994 3.86119
301.09999999999997 3.86119
301.19999999999999 3.86119
301.30000000000001 3.86119
301.40000000000003 3.86119
301.50000000000006 3.86119
301.60000000000008 3.86119
301.7000000000001 2
301.80000000000013 2
301.90000000000015 2
302.00000000000017 2.5
302.10000000000019 2.5
302.20000000000022 2.5
302.30000000000024 2.5
302.40000000000026 2.5
302.50000000000028 2.5
302.60000000000031 2.5
302.70000000000033 2.5
302.80000000000035 2.5
302.90000000000038 2.5
303.0000000000004 2.5
303.10000000000042 2.5
303.20000000000044 2.5
303.30000000000047 2.5
303.40000000000049 2.5
303.50000000000051 2.5
303.60000000000053 2.5
303.70000000000056 2.5
303.80000000000058 2.5
303.9000000000006 2.5
304.00000000000063 2.5
304.10000000000065 2.5
304.20000000000067 2.5
304.30000000000069 2.5
304.40000000000072 2.5
304.50000000000074 2.5
304.60000000000076 2.5
304.70000000000078 2.5
304.80000000000081 2.5
304.90000000000083 2.5
305.00000000000085 2.5
305.10000000000088 2.5
305.2000000000009 2.5
305.30000000000092 2.5
305.40000000000094 2.5
305.50000000000097 2.5
305.60000000000099 2.5
305.70000000000101 2.5
305.80000000000103 2.5
305.90000000000106 2.5
306.00000000000108 2.5
306.1000000000011 2.5
306.20000000000113 2.5
306.30000000000115 2.5
306.40000000000117 2.5
306.50000000000119 2.5
306.60000000000122 2.5
306.70000000000124 2.5
306.80000000000126 2.5
306.90000000000128 2.5
307.00000000000131 2.5
307.10000000000133 2.5
307.20000000000135 2.5
307.30000000000138 2.5
307.4000000000014 2
307.50000000000142 2
307.60000000000144 2.5
307.70000000000147 3.3
307.80000000000149 3.3
307.90000000000151 3.3
308.00000000000153 3.3
308.10000000000156 3.3
308.20000000000158 3.3
308.3000000000016 3.3
308.40000000000163 3.3
308.50000000000165 3.3
308.60000000000167 3.3
308.70000000000169 3.3
308.80000000000172 3.3
308.90000000000174 3.3
309.00000000000176 3.3
309.10000000000178 3.60303
309.20000000000181 3.90606
309.30000000000183 3.90606
309.40000000000185 3.90606
309.50000000000188 3.90606
309.6000000000019 3.90606
309.70000000000192 3.90606
309.80000000000194 3.90606
309.90000000000197 3.90606
310.00000000000199 3.90606
310.10000000000201 3.90606
310.20000000000203 3.90606
310.30000000000206 3.90606
310.40000000000208 3.90606
310.5000000000021 3.90606
310.60000000000213 3.90606
310.70000000000215 3.90606
310.80000000000217 3.90606
310.90000000000219 3.90606
311.00000000000222 3.90606
311.10000000000224 3.90606
311.20000000000226 3.90606
311.30000000000229 3.90606
311.40000000000231 3.90606
311.50000000000233 3.90606
311.60000000000235 3.90606
311.70000000000238 3.90606
311.8000000000024 3.90606
311.90000000000242 3.90606
312.00000000000244 3.90606
312.10000000000247 3.90606
312.20000000000249 3.90606
312.30000000000251 3.90606
312.40000000000254 3.90606
312.50000000000256 3.90606
312.60000000000258 3.90606
312.7000000000026 3.90606
312.80000000000263 3.90606
312.90000000000265 3.90606
313.00000000000267 3.90606
313.10000000000269 3.90606
313.20000000000272 3.90606
313.30000000000274 3.90606
313.40000000000276 3.90606
313.50000000000279 3.90606
313.60000000000281 3.90606
313.70000000000283 3.90606
313.80000000000285 3.90606
313.90000000000288 2
314.0000000000029 2
314.10000000000292 2.5
314.20000000000294 2.5
314.30000000000297 2.5
314.40000000000299 2.5
314.50000000000301 2.5
314.60000000000304 2.5
314.70000000000306 2.5
314.80000000000308 2.5
314.9000000000031 2.5
315.00000000000313 2.5
315.10000000000315 2.5
315.20000000000317 2.5
315.30000000000319 2.5
315.40000000000322 2.5
315.50000000000324 2.5
315.60000000000326 2.5
315.70000000000329 2.5
315.80000000000331 2.5
315.90000000000333 2.5
316.00000000000335 2.5
316.10000000000338 2.5
316.2000000000034 2.5
316.30000000000342 2.5
316.40000000000344 2.5
316.50000000000347 2.5
316.60000000000349 2.5
316.70000000000351 2.5
316.80000000000354 2.5
316.90000000000356 2.5
317.00000000000358 2.5
317.1000000000036 2
317.20000000000363 2
317.30000000000365 2
317.40000000000367 2
317.50000000000369 2
317.60000000000372 2
317.70000000000374 2
317.80000000000376 2
317.90000000000379 2
318.00000000000381 2
318.10000000000383 2
318.20000000000385 2
318.30000000000388 2
318.4000000000039 2
318.50000000000392 2
318.60000000000394 2
318.70000000000397 2
318.80000000000399 2
318.90000000000401 2
319.00000000000404 2
319.10000000000406 2
319.20000000000408 2
319.3000000000041 2
319.40000000000413 2
319.50000000000415 2.5
319.60000000000417 2.5
319.7000000000042 2.5
319.80000000000422 2.5
319.90000000000424 2.5
320.00000000000426 2.5
320.10000000000429 2.5
320.20000000000431 2.5
320.30000000000433 2.5
320.40000000000435 2.5
320.50000000000438 2.5
320.6000000000044 2.5
320.70000000000442 2.5
320.80000000000445 2.5
320.90000000000447 2.5
321.00000000000449 2.5
321.10000000000451 2.5
321.20000000000454 2.5
321.30000000000456 2.5
321.40000000000458 2.5
321.5000000000046 2.5
321.60000000000463 2.5
321.70000000000465 2.5
321.80000000000467 2.5
321.9000000000047 2.5
322.00000000000472 2.5
322.10000000000474 2
322.20000000000476 2
322.30000000000479 2
322.40000000000481 2.5
322.50000000000483 2.5
322.60000000000485 2.5
322.70000000000488 3
322.8000000000049 3
322.90000000000492 3
323.00000000000495 3
323.10000000000497 3
323.20000000000499 3
323.30000000000501 3
323.40000000000504 3
323.50000000000506 3
323.60000000000508 3
323.7000000000051 3
323.80000000000513 3
323.90000000000515 3
324.00000000000517 3
324.1000000000052 3
324.20000000000522 3
324.30000000000524 3
324.40000000000526 3
324.50000000000529 3
324.60000000000531 3
324.70000000000533 3
324.80000000000535 3
324.90000000000538 3
325.0000000000054 3
325.10000000000542 3
325.20000000000545 3
325.30000000000547 3
325.40000000000549 3
325.50000000000551 3
325.60000000000554 3
325.70000000000556 3
325.80000000000558 3
325.9000000000056 3
326.00000000000563 3
326.10000000000565 3
326.20000000000567 3
326.3000000000057 3
326.40000000000572 3
326.50000000000574 3
326.60000000000576 3
326.70000000000579 3
326.80000000000581 3
326.90000000000583 3
327.00000000000585 3
327.10000000000588 3
327.2000000000059 3
327.30000000000592 3
327.40000000000595 3
327.50000000000597 2
327.60000000000599 2
327.70000000000601 2.5
327.80000000000604 2.5
327.90000000000606 2.5
328.00000000000608 2.5
328.1000000000061 2.5
328.20000000000613 2.5
328.30000000000615 2.9
328.40000000000617 2.9
328.5000000000062 2.9
328.60000000000622 2.9
328.70000000000624 2.9
328.80000000000626 2.9
328.90000000000629 2.9
329.00000000000631 3.24483
329.10000000000633 3.24483
329.20000000000636 3.24483
329.30000000000638 3.24483
329.4000000000064 3.24483
329.50000000000642 3.24483
329.60000000000645 3.24483
329.70000000000647 3.24483
329.80000000000649 3.24483
329.90000000000651 3.24483
330.00000000000654 3.24483
330.10000000000656 3.24483
330.20000000000658 3.24483
330.30000000000661 3.24483
330.40000000000663 3.24483
330.50000000000665 2
330.60000000000667 2
330.7000000000067 2
330.80000000000672 2
330.90000000000674 2
331.00000000000676 2
331.10000000000679 2
331.20000000000681 2
331.30000000000683 2
331.40000000000686 2
331.50000000000688 2
331.6000000000069 2
331.70000000000692 2
331.80000000000695 2
331.90000000000697 2
332.00000000000699 2
332.10000000000701 2
332.20000000000704 2
332.30000000000706 2
332.40000000000708 2
332.50000000000711 2
332.60000000000713 2
332.70000000000715 2
332.80000000000717 2
332.9000000000072 2
333.00000000000722 2
333.10000000000724 2
333.20000000000726 2
333.30000000000729 2
333.40000000000731 2
333.50000000000733 2
333.60000000000736 2
333.70000000000738 2
333.8000000000074 2
333.90000000000742 2
334.00000000000745 2
334.10000000000747 2
334.20000000000749 2
334.30000000000751 2
334.40000000000754 2
334.50000000000756 2
334.60000000000758 2
334.70000000000761 2
334.80000000000763 2
334.90000000000765 2
335.00000000000767 2.5
335.1000000000077 3.3
335.20000000000772 3.60303
335.30000000000774 4.20909
335.40000000000776 4.20909
335.50000000000779 4.20909
335.60000000000781 4.20909
335.70000000000783 4.20909
335.80000000000786 2
335.90000000000788 2
336.0000000000079 2
336.10000000000792 2
336.20000000000795 2
336.30000000000797 2
336.40000000000799 2
336.50000000000801 2
336.60000000000804 2
336.70000000000806 2
336.80000000000808 2
336.90000000000811 2
337.00000000000813 2
337.10000000000815 2.5
337.20000000000817 3.3
337.3000000000082 3.3
337.40000000000822 3.3
337.50000000000824 3.3
337.60000000000827 3.3
337.70000000000829 3.3
337.80000000000831 3.3
337.90000000000833 3.3
338.00000000000836 3.3
338.10000000000838 3.3
338.2000000000084 3.3
338.30000000000842 3.3
338.40000000000845 3.3
338.50000000000847 3.3
338.60000000000849 2
338.70000000000852 2.5
338.80000000000854 2.5
338.90000000000856 2.5
339.00000000000858 2.5
339.10000000000861 2.5
339.20000000000863 2.5
339.30000000000865 2.5
339.40000000000867 2.5
339.5000000000087 2.5
339.60000000000872 2.5
339.70000000000874 2.5
339.80000000000877 2.5
339.90000000000879 2.5
340.00000000000881 2.5
340.10000000000883 2.5
340.20000000000886 2.5
340.30000000000888 2.9
340.4000000000089 2.9
340.50000000000892 2.9
340.60000000000895 2.9
340.70000000000897 2.9
340.80000000000899 2.9
340.90000000000902 2.9
341.00000000000904 2.9
341.10000000000906 2.9
341.20000000000908 2.9
341.30000000000911 2.9
341.40000000000913 2.9
341.50000000000915 2.9
341.60000000000917 3.24483
341.7000000000092 3.24483
341.80000000000922 3.24483
341.90000000000924 3.24483
342.00000000000927 3.24483
342.10000000000929 3.24483
342.20000000000931 3.24483
342.30000000000933 3.24483
342.40000000000936 3.24483
342.50000000000938 3.24483
342.6000000000094 3.24483
342.70000000000942 3.24483
342.80000000000945 3.24483
342.90000000000947 3.24483
343.00000000000949 3.24483
343.10000000000952 3.24483
343.20000000000954 3.24483
343.30000000000956 3.24483
343.40000000000958 3.24483
343.50000000000961 3.24483
343.60000000000963 3.24483
343.70000000000965 3.24483
343.80000000000967 3.24483
343.9000000000097 3.24483
344.00000000000972 3.24483
344.10000000000974 3.24483
344.20000000000977 3.24483
344.30000000000979 3.24483
344.40000000000981 3.24483
344.50000000000983 3.24483
344.60000000000986 3.24483
344.70000000000988 3.24483
344.8000000000099 3.24483
344.90000000000992 3.24483
345.00000000000995 3.24483
345.10000000000997 3.24483
345.20000000000999 3.24483
345.30000000001002 3.24483
345.40000000001004 3.24483
345.50000000001006 3.24483
345.60000000001008 2
345.70000000001011 2
345.80000000001013 2
345.90000000001015 2
346.00000000001017 2
346.1000000000102 2
346.20000000001022 2
346.30000000001024 2
346.40000000001027 2
346.50000000001029 2
346.60000000001031 2
346.70000000001033 2
346.80000000001036 2
346.90000000001038 2
347.0000000000104 2
347.10000000001043 2
347.20000000001045 2
347.30000000001047 2
347.40000000001049 2
347.50000000001052 2
347.60000000001054 2
347.70000000001056 2
347.80000000001058 2
347.90000000001061 2
348.00000000001063 2
348.10000000001065 2
348.20000000001068 2
348.3000000000107 2
348.40000000001072 2
348.50000000001074 2
348.60000000001077 2
348.70000000001079 2
348.80000000001081 2
348.90000000001083 2
349.00000000001086 2
349.10000000001088 2
349.2000000000109 2
349.30000000001093 2
349.40000000001095 2
349.50000000001097 2
349.60000000001099 2
349.70000000001102 2
349.80000000001104 2
349.90000000001106 2
350.00000000001108 2.5
350.10000000001111 2.5
350.20000000001113 2.5
350.30000000001115 2.5
350.40000000001118 2.5
350.5000000000112 2.5
350.60000000001122 2.5
350.70000000001124 2.5
350.80000000001127 3.24483
350.90000000001129 3.24483
351.00000000001131 3.58966
351.10000000001133 3.58966
351.20000000001136 3.58966
351.30000000001138 3.58966
351.4000000000114 2
351.50000000001143 2
351.60000000001145 2
351.70000000001147 2
351.80000000001149 2.5
351.90000000001152 2.5
352.00000000001154 2.5
352.10000000001156 3
352.20000000001158 3
352.30000000001161 3
352.40000000001163 3
352.50000000001165 3
352.60000000001168 3
352.7000000000117 3
352.80000000001172 3
352.90000000001174 3
353.00000000001177 3
353.10000000001179 3
353.20000000001181 3
353.30000000001183 3
353.40000000001186 3
353.50000000001188 3
353.6000000000119 3
353.70000000001193 3
353.80000000001195 3
353.90000000001197 3
354.00000000001199 3
354.10000000001202 3
354.20000000001204 3
354.30000000001206 3
354.40000000001208 3
354.50000000001211 3
354.60000000001213 3
354.70000000001215 3
354.80000000001218 3
354.9000000000122 3
355.00000000001222 3
355.10000000001224 3
355.20000000001227 3
355.30000000001229 3
355.40000000001231 3
355.50000000001234 3
355.60000000001236 3
355.70000000001238 3
355.8000000000124 3
355.90000000001243 3
356.00000000001245 3
356.10000000001247 3
356.20000000001249 3
356.30000000001252 3
356.40000000001254 3
356.50000000001256 3
356.60000000001259 3
356.70000000001261 3
356.80000000001263 3
356.90000000001265 2
357.00000000001268 2
357.1000000000127 2.5
357.20000000001272 2.5
357.30000000001274 2.5
357.40000000001277 2.5
357.50000000001279 2.5
357.60000000001281 2.5
357.70000000001284 2.5
357.80000000001286 2.5
357.90000000001288 2.5
358.0000000000129 2.5
358.10000000001293 2.5
358.20000000001295 3.24483
358.30000000001297 3.24483
358.40000000001299 3.24483
358.50000000001302 3.58966
358.60000000001304 3.58966
358.70000000001306 3.58966
358.80000000001309 3.58966
358.90000000001311 3.58966
359.00000000001313 3.58966
359.10000000001315 3.58966
359.20000000001318 3.58966
359.3000000000132 3.58966
359.40000000001322 3.58966
359.50000000001324 2
359.60000000001327 2
359.70000000001329 2
359.80000000001331 2
359.90000000001334 2
360.00000000001336 2
360.10000000001338 2
360.2000000000134 2
360.30000000001343 2.5
360.40000000001345 2.5
360.50000000001347 2.5
360.60000000001349 2.5
360.70000000001352 2.5
360.80000000001354 2.5
360.90000000001356 2.5
361.00000000001359 2.5
361.10000000001361 2.5
361.20000000001363 2.5
361.30000000001365 2.5
361.40000000001368 2.5
361.5000000000137 2.5
361.60000000001372 2.5
361.70000000001374 2.5
361.80000000001377 2.5
361.90000000001379 2.5
362.00000000001381 2.5
362.10000000001384 2.5
362.20000000001386 2.5
362.30000000001388 2.5
362.4000000000139 2.9
362.50000000001393 2.9
362.60000000001395 2.9
362.70000000001397 3.3
362.80000000001399 3.3
362.90000000001402 3.3
363.00000000001404 3.3
363.10000000001406 3.3
363.20000000001409 3.3
363.30000000001411 3.3
363.40000000001413 3.3
363.50000000001415 3.3
363.60000000001418 3.3
363.7000000000142 3.3
363.80000000001422 3.3
363.90000000001424 3.3
364.00000000001427 3.3
364.10000000001429 3.3
364.20000000001431 3.3
364.30000000001434 3.3
364.40000000001436 3.3
364.50000000001438 3.3
364.6000000000144 3.3
364.70000000001443 3.3
364.80000000001445 3.3
364.90000000001447 3.3
365.0000000000145 3.3
365.10000000001452 3.3
365.20000000001454 3.3
365.30000000001456 3.3
365.40000000001459 2
365.50000000001461 2.5
365.60000000001463 2.5
365.70000000001465 2.5
365.80000000001468 2.5
365.9000000000147 2.5
366.00000000001472 2.5
366.10000000001475 2.5
366.20000000001477 2.5
366.30000000001479 2.5
366.40000000001481 2.5
366.50000000001484 2.5
366.60000000001486 2.5
366.70000000001488 2.5
366.8000000000149 2.5
366.90000000001493 2.5
367.00000000001495 2.5
367.10000000001497 2.5
367.200000000015 2.5
367.30000000001502 2.5
367.40000000001504 2
367.50000000001506 2
367.60000000001509 2
367.70000000001511 2
367.80000000001513 2.9
367.90000000001515 2.9
368.00000000001518 2.9
368.1000000000152 2.9
368.20000000001522 2.9
368.30000000001525 2.9
368.40000000001527 2.9
368.50000000001529 2.9
368.60000000001531 2
368.70000000001534 2
368.80000000001536 2
368.90000000001538 2
369.0000000000154 2.5
369.10000000001543 2.5
369.20000000001545 2.5
369.30000000001547 2.5
369.4000000000155 2.5
369.50000000001552 2.5
369.60000000001554 2.5
369.70000000001556 2.5
369.80000000001559 2.5
369.90000000001561 2.5
370.00000000001563 2.5
370.10000000001565 2
370.20000000001568 2
370.3000000000157 2.5
370.40000000001572 3.3
370.50000000001575 3.3
370.60000000001577 3.3
370.70000000001579 3.3
370.80000000001581 3.3
370.90000000001584 3.3
371.00000000001586 3.90606
371.10000000001588 3.90606
371.2000000000159 3.90606
371.30000000001593 4.16207
371.40000000001595 4.41809
371.50000000001597 4.41809
371.600000000016 4.41809
371.70000000001602 4.41809
371.80000000001604 4.41809
371.90000000001606 4.41809
372.00000000001609 4.41809
372.10000000001611 4.41809
372.20000000001613 4.41809
372.30000000001615 4.41809
372.40000000001618 4.41809
372.5000000000162 4.41809
372.60000000001622 4.41809
372.70000000001625 4.41809
372.80000000001627 2
372.90000000001629 2
373.00000000001631 2
373.10000000001634 2
373.20000000001636 2
373.30000000001638 2
373.40000000001641 2
373.50000000001643 2
373.60000000001645 0
373.70000000001647 0
373.8000000000165 0
373.90000000001652 0
374.00000000001654 0
374.10000000001656 0
374.20000000001659 0
374.30000000001661 0
374.40000000001663 0
374.50000000001666 0
374.60000000001668 0
374.7000000000167 0
374.80000000001672 2
374.90000000001675 2
375.00000000001677 2
375.10000000001679 2
375.20000000001681 2
375.30000000001684 2
375.40000000001686 2
375.50000000001688 2
375.60000000001691 2
375.70000000001693 2
375.80000000001695 2
375.90000000001697 2
376.000000000017 2
376.10000000001702 2
376.20000000001704 2
376.30000000001706 2
376.40000000001709 2.5
376.50000000001711 2.5
376.60000000001713 2.5
376.70000000001716 2.5
376.80000000001718 2.5
376.9000000000172 2.5
377.00000000001722 2.5
377.10000000001725 2.5
377.20000000001727 2
377.30000000001729 2
377.40000000001731 2
377.50000000001734 2
377.60000000001736 2
377.70000000001738 2
377.80000000001741 2
377.90000000001743 2
378.00000000001745 2.5
378.10000000001747 2.5
378.2000000000175 2.5
378.30000000001752 2.5
378.40000000001754 2.5
378.50000000001756 2.5
378.60000000001759 2.5
378.70000000001761 2
378.80000000001763 2
378.90000000001766 2
379.00000000001768 2
379.1000000000177 2
379.20000000001772 2
379.30000000001775 2.5
379.40000000001777 2.5
379.50000000001779 2.5
379.60000000001781 2.5
379.70000000001784 2.5
379.80000000001786 2.5
379.90000000001788 2.5
380.00000000001791 2.5
380.10000000001793 2.5
380.20000000001795 2.5
380.30000000001797 2.5
380.400000000018 2.5
380.50000000001802 2.9
380.60000000001804 2.9
380.70000000001806 3.24483
380.80000000001809 3.24483
380.90000000001811 3.24483
381.00000000001813 3.24483
381.10000000001816 3.24483
381.20000000001818 3.24483
381.3000000000182 2
381.40000000001822 2
381.50000000001825 2
381.60000000001827 2
381.70000000001829 2
381.80000000001831 2
381.90000000001834 2.5
382.00000000001836 2.5
382.10000000001838 2.5
382.20000000001841 2.9
382.30000000001843 2.9
382.40000000001845 2.9
382.50000000001847 2.9
382.6000000000185 2.9
382.70000000001852 2
382.80000000001854 2
382.90000000001857 2
383.00000000001859 2
383.10000000001861 2
383.20000000001863 2
383.30000000001866 2
383.40000000001868 2
383.5000000000187 2.5
383.60000000001872 3.3
383.70000000001875 3.3
383.80000000001877 3.3
383.90000000001879 3.3
384.00000000001882 3.3
384.10000000001884 2
384.20000000001886 2
384.30000000001888 2
384.40000000001891 2
384.50000000001893 2
384.60000000001895 2
384.70000000001897 2
384.800000000019 2.5
384.90000000001902 3.60303
385.00000000001904 3.60303
385.10000000001907 4.20909
385.20000000001909 4.20909
385.30000000001911 4.20909
385.40000000001913 4.20909
385.50000000001916 4.20909
385.60000000001918 4.20909
385.7000000000192 4.20909
385.80000000001922 4.20909
385.90000000001925 4.20909
386.00000000001927 4.20909
386.10000000001929 4.20909
386.20000000001932 4.20909
386.30000000001934 4.20909
386.40000000001936 4.20909
386.50000000001938 4.20909
386.60000000001941 4.20909
386.70000000001943 4.20909
386.80000000001945 4.20909
386.90000000001947 4.20909
387.0000000000195 4.20909
387.10000000001952 4.20909
387.20000000001954 4.20909
387.30000000001957 4.20909
387.40000000001959 4.20909
387.50000000001961 4.20909
387.60000000001963 4.20909
387.70000000001966 4.20909
387.80000000001968 4.20909
387.9000000000197 4.20909
388.00000000001972 4.20909
388.10000000001975 4.20909
388.20000000001977 4.20909
388.30000000001979 4.20909
388.40000000001982 4.20909
388.50000000001984 4.20909
388.60000000001986 4.20909
388.70000000001988 4.20909
388.80000000001991 4
388.90000000001993 4
389.00000000001995 4
389.10000000001997 4
389.20000000002 4
389.30000000002002 4
389.40000000002004 4
389.50000000002007 4
389.60000000002009 4
389.70000000002011 4
389.80000000002013 4
389.90000000002016 4
390.00000000002018 4
390.1000000000202 4
390.20000000002022 4
390.30000000002025 4
390.40000000002027 4
390.50000000002029 4
390.60000000002032 6
390.70000000002034 6
390.80000000002036 6
390.90000000002038 6
391.00000000002041 5
391.10000000002043 5
391.20000000002045 5
391.30000000002047 4
391.4000000000205 4
391.50000000002052 4
391.60000000002054 4
391.70000000002057 4
391.80000000002059 4
391.90000000002061 4
392.00000000002063 4
392.10000000002066 4
392.20000000002068 4
392.3000000000207 4
392.40000000002073 4
392.50000000002075 4
392.60000000002077 4
392.70000000002079 4
392.80000000002082 4
392.90000000002084 4
393.00000000002086 4
393.10000000002088 4
393.20000000002091 4
393.30000000002093 4
393.40000000002095 4
393.50000000002098 4
393.600000000021 4
393.70000000002102 4
393.80000000002104 4
393.90000000002107 4
394.00000000002109 6
394.10000000002111 6
394.20000000002113 6
394.30000000002116 5
394.40000000002118 5
394.5000000000212 5
394.60000000002123 5
394.70000000002125 5
394.80000000002127 7
394.90000000002129 8
395.00000000002132 8
395.10000000002134 8
395.20000000002136 8
395.30000000002138 8
395.40000000002141 8
395.50000000002143 4
395.60000000002145 4
395.70000000002148 4
395.8000000000215 4
395.90000000002152 3
396.00000000002154 3
396.10000000002157 3
396.20000000002159 3
396.30000000002161 3
396.40000000002163 3
396.50000000002166 3
396.60000000002168 3
396.7000000000217 3
396.80000000002173 3
396.90000000002175 3
397.00000000002177 3
397.10000000002179 3
397.20000000002182 3
397.30000000002184 3
397.40000000002186 3
397.50000000002188 3
397.60000000002191 3
397.70000000002193 3
397.80000000002195 3
397.90000000002198 3
398.000000000022 3
398.10000000002202 3
398.20000000002204 3
398.30000000002207 3
398.40000000002209 3
398.50000000002211 3
398.60000000002213 3
398.70000000002216 3
398.80000000002218 3
398.9000000000222 3
399.00000000002223 3
399.10000000002225 3
399.20000000002227 3
399.30000000002229 3
399.40000000002232 3
399.50000000002234 3
399.60000000002236 3
399.70000000002238 3
399.80000000002241 3
399.90000000002243 3
