1.00272 0 
2.002448 1 
3.000427 36 
4.008581 0 
5.00824 0 
6.001328 0 
7.000315 0 
8.000155 0 
9.0024 0 
10.000453 0 
11.003888 0 
12.002661 2 
13.000981 0 
14.00216 0 
15.001413 0 
16.000827 0 
17.004208 0 
18.000507 0 
19.000293 2 
20.001648 0 
21.000635 0 
22.000475 0 
23.002 0 
24.000101 0 
25.00168 0 
26.002187 2 
27.00024 0 
28.001147 0 
29.002448 0 
30.004315 2 
31.000613 0 
32.00168 0 
33.003035 0 
34.001861 0 
35.000053 0 
36.000027 0 
37.001328 2 
38.00352 0 
39.003248 0 
40.002747 0 
41.000848 0 
42.000688 0 
43.002213 0 
44.000315 2 
45.004421 1 
46.00296 0 
47.000101 0 
48.001627 0 
49.0004 0 
50.00168 0 
51.001813 1 
52.002 2 
53.003067 0 
54.000208 0 
55.002453 0 
56.000507 0 
57.001413 0 
58.002133 2 
59.000693 1 
60.000475 0 
61.000315 0 
62.002773 0 
63.000613 0 
64.00152 0 
65.001307 1 
66.002213 2 
67.004213 0 
68.000421 0 
69.001947 0 
70.000048 0 
71.001627 0 
72.001413 2 
73.000187 1 
74.003387 0 
75.000528 0 
76.002773 0 
77.000155 0 
78.002107 0 
79.00152 1 
80.002427 2 
81.007307 0 
82.001413 0 
83.000053 0 
84.000901 0 
85.005168 0 
86.0004 0 
87.001307 0 
88.002608 0 
89.000587 0 
90.000773 0 
91.002075 0 
92.000053 0 
93.00024 0 
94.001541 0 
95.003408 2 
96.005093 0 
97.000293 0 
98.001221 0 
99.001061 0 
100.004101 0 
101.000688 0 
102.000528 0 
103.003568 0 
104.000155 0 
105.001733 0 
106.003035 0 
107.000293 1 
108.06232 0 
109.001701 0 
110.000688 0 
111.002555 0 
112.005595 0 
113.000155 0 
114.002021 0 
115.005061 0 
116.001648 0 
117.001488 0 
118.004528 0 
119.001115 1 
120.093648 0 
121.000283 0 
122.002181 0 
123.00016 0 
124.000347 0 
124.405173 0 
