1.00272 0 	 0 
2.002448 28736 	 0 
3.000427 42624 	 0 
4.008581 66304 	 0 
5.00824 85248 	 0 
6.001328 113664 	 0 
7.000315 151552 	 0 
8.000155 179968 	 0 
9.0024 170496 	 0 
10.000453 170496 	 0 
11.003888 161024 	 0 
12.002661 161024 	 0 
13.000981 99456 	 0 
14.00216 104192 	 0 
15.001413 156288 	 0 
16.000827 161024 	 0 
17.004208 156288 	 0 
18.000507 151552 	 0 
19.000293 146816 	 0 
20.001648 127872 	 0 
21.000635 66304 	 0 
22.000475 170496 	 0 
23.002 137344 	 0 
24.000101 156288 	 0 
25.00168 175232 	 0 
26.002187 146816 	 0 
27.00024 227328 	 0 
28.001147 246272 	 0 
29.002448 213120 	 0 
30.004315 194176 	 0 
31.000613 227328 	 0 
32.00168 37888 	 0 
33.003035 165760 	 0 
34.001861 184704 	 0 
35.000053 175232 	 0 
36.000027 170496 	 0 
37.001328 161024 	 0 
38.00352 194176 	 0 
39.003248 42624 	 0 
40.002747 142080 	 0 
41.000848 170496 	 0 
42.000688 156288 	 0 
43.002213 151552 	 0 
44.000315 170496 	 0 
45.004421 137344 	 0 
46.00296 56832 	 0 
47.000101 132608 	 0 
48.001627 170496 	 0 
49.0004 151552 	 0 
50.00168 146816 	 0 
51.001813 142080 	 0 
52.002 108928 	 0 
53.003067 61568 	 0 
54.000208 156288 	 0 
55.002453 142080 	 0 
56.000507 151552 	 0 
57.001413 146816 	 0 
58.002133 165760 	 0 
59.000693 137344 	 0 
60.000475 37888 	 0 
61.000315 123136 	 0 
62.002773 165760 	 0 
63.000613 142080 	 0 
64.00152 137344 	 0 
65.001307 137344 	 0 
66.002213 113664 	 0 
67.004213 61568 	 0 
68.000421 151552 	 0 
69.001947 132608 	 0 
70.000048 146816 	 0 
71.001627 165760 	 0 
72.001413 146816 	 0 
73.000187 142080 	 0 
74.003387 42624 	 0 
75.000528 132608 	 0 
76.002773 142080 	 0 
77.000155 146816 	 0 
78.002107 137344 	 0 
79.00152 151552 	 0 
80.002427 113664 	 0 
81.007307 61568 	 0 
82.001413 146816 	 0 
83.000053 189440 	 0 
84.000901 232064 	 0 
85.005168 265216 	 0 
86.0004 293632 	 0 
87.001307 298368 	 0 
88.002608 303104 	 0 
89.000587 298368 	 0 
90.000773 298368 	 0 
91.002075 303104 	 0 
92.000053 298368 	 0 
93.00024 298368 	 0 
94.001541 303104 	 0 
95.003408 298368 	 0 
96.005093 118400 	 0 
97.000293 118400 	 0 
98.001221 293632 	 0 
99.001061 298368 	 0 
100.004101 303104 	 0 
101.000688 298368 	 0 
102.000528 298368 	 0 
103.003568 303104 	 0 
104.000155 298368 	 0 
105.001733 298368 	 0 
106.003035 303104 	 0 
107.000293 298368 	 0 
108.06232 189440 	 0 
109.001701 85248 	 0 
110.000688 274688 	 0 
111.002555 298368 	 0 
112.005595 303104 	 0 
113.000155 298368 	 0 
114.002021 298368 	 0 
115.005061 303104 	 0 
116.001648 298368 	 0 
117.001488 298368 	 0 
118.004528 303104 	 0 
119.001115 298368 	 0 
120.093648 246272 	 0 
121.000283 66304 	 0 
122.002181 236800 	 0 
123.00016 298368 	 0 
124.000347 298368 	 0 
124.405173 80512 	 0 
