0.10000000000000001 0
0.20000000000000001 0
0.30000000000000004 0
0.40000000000000002 1
0.5 0
0.59999999999999998 0
0.69999999999999996 0
0.79999999999999993 0
0.89999999999999991 0
0.99999999999999989 0
1.0999999999999999 2
1.2 0
1.3 0
1.4000000000000001 6
1.5000000000000002 6
1.6000000000000003 0
1.7000000000000004 6
1.8000000000000005 13
1.9000000000000006 18
2.0000000000000004 18
2.1000000000000005 19
2.2000000000000006 18
2.3000000000000007 18
2.4000000000000008 19
2.5000000000000009 18
2.600000000000001 18
2.7000000000000011 18
2.8000000000000012 11
2.9000000000000012 5
3.0000000000000013 0
3.1000000000000014 0
3.2000000000000015 0
3.3000000000000016 0
3.4000000000000017 0
3.5000000000000018 1
3.6000000000000019 0
3.700000000000002 0
3.800000000000002 0
3.9000000000000021 2
4.0000000000000018 0
4.1000000000000014 0
4.2000000000000011 4
4.3000000000000007 1
4.4000000000000004 0
4.5 2
4.5999999999999996 2
4.6999999999999993 0
4.7999999999999989 0
4.8999999999999986 0
4.9999999999999982 0
5.0999999999999979 0
5.1999999999999975 1
5.2999999999999972 2
5.3999999999999968 0
5.4999999999999964 1
5.5999999999999961 2
5.6999999999999957 0
5.7999999999999954 0
5.899999999999995 2
5.9999999999999947 1
6.0999999999999943 0
6.199999999999994 1
6.2999999999999936 3
6.3999999999999932 1
6.4999999999999929 0
6.5999999999999925 0
6.6999999999999922 2
6.7999999999999918 0
6.8999999999999915 0
6.9999999999999911 3
7.0999999999999908 1
7.1999999999999904 1
7.2999999999999901 3
7.3999999999999897 2
7.4999999999999893 3
7.599999999999989 4
7.6999999999999886 3
7.7999999999999883 5
7.8999999999999879 5
7.9999999999999876 6
8.0999999999999872 5
8.1999999999999869 7
8.2999999999999865 7
8.3999999999999861 8
8.4999999999999858 8
8.5999999999999854 9
8.6999999999999851 9
8.7999999999999847 9
8.8999999999999844 9
8.999999999999984 9
9.0999999999999837 10
9.1999999999999833 10
9.2999999999999829 12
9.3999999999999826 11
9.4999999999999822 11
9.5999999999999819 13
9.6999999999999815 12
9.7999999999999812 13
9.8999999999999808 12
9.9999999999999805 13
10.09999999999998 13
10.19999999999998 15
10.299999999999979 14
10.399999999999979 14
10.499999999999979 16
10.599999999999978 16
10.699999999999978 16
10.799999999999978 17
10.899999999999977 17
10.999999999999977 17
11.099999999999977 18
11.199999999999976 18
11.299999999999976 17
11.399999999999975 18
11.499999999999975 18
11.599999999999975 18
11.699999999999974 18
11.799999999999974 17
11.899999999999974 17
11.999999999999973 18
12.099999999999973 17
12.199999999999973 14
12.299999999999972 11
12.399999999999972 6
12.499999999999972 0
12.599999999999971 0
12.699999999999971 0
12.799999999999971 0
12.89999999999997 0
12.99999999999997 0
13.099999999999969 0
13.199999999999969 0
13.299999999999969 0
13.399999999999968 4
13.499999999999968 5
13.599999999999968 0
13.699999999999967 2
13.799999999999967 5
13.899999999999967 5
13.999999999999966 0
14.099999999999966 1
14.199999999999966 3
14.299999999999965 2
14.399999999999965 1
14.499999999999964 3
14.599999999999964 4
14.699999999999964 3
14.799999999999963 3
14.899999999999963 5
14.999999999999963 6
15.099999999999962 5
15.199999999999962 5
15.299999999999962 7
15.399999999999961 9
15.499999999999961 7
15.599999999999961 7
15.69999999999996 8
15.79999999999996 10
15.899999999999959 9
15.999999999999959 10
16.099999999999959 10
16.19999999999996 10
16.299999999999962 13
16.399999999999963 11
16.499999999999964 11
16.599999999999966 12
16.699999999999967 11
16.799999999999969 14
16.89999999999997 13
16.999999999999972 14
17.099999999999973 13
17.199999999999974 14
17.299999999999976 15
17.399999999999977 15
17.499999999999979 15
17.59999999999998 16
17.699999999999982 16
17.799999999999983 15
17.899999999999984 16
17.999999999999986 17
18.099999999999987 17
18.199999999999989 18
18.29999999999999 17
18.399999999999991 18
18.499999999999993 18
18.599999999999994 18
18.699999999999996 18
18.799999999999997 17
18.899999999999999 17
19 18
19.100000000000001 18
19.200000000000003 17
19.300000000000004 17
19.400000000000006 10
19.500000000000007 4
19.600000000000009 0
19.70000000000001 0
19.800000000000011 1
19.900000000000013 1
20.000000000000014 0
20.100000000000016 1
20.200000000000017 0
20.300000000000018 0
20.40000000000002 0
20.500000000000021 2
20.600000000000023 4
20.700000000000024 0
20.800000000000026 1
20.900000000000027 2
21.000000000000028 3
21.10000000000003 2
21.200000000000031 0
21.300000000000033 1
21.400000000000034 2
21.500000000000036 4
21.600000000000037 3
21.700000000000038 4
21.80000000000004 6
21.900000000000041 5
22.000000000000043 4
22.100000000000044 6
22.200000000000045 8
22.300000000000047 6
22.400000000000048 6
22.50000000000005 8
22.600000000000051 8
22.700000000000053 9
22.800000000000054 9
22.900000000000055 8
23.000000000000057 10
23.100000000000058 12
23.20000000000006 10
23.300000000000061 11
23.400000000000063 11
23.500000000000064 12
23.600000000000065 14
23.700000000000067 13
23.800000000000068 12
23.90000000000007 13
24.000000000000071 14
24.100000000000072 14
24.200000000000074 14
24.300000000000075 15
24.400000000000077 14
24.500000000000078 15
24.60000000000008 16
24.700000000000081 17
24.800000000000082 16
24.900000000000084 17
25.000000000000085 17
25.100000000000087 16
25.200000000000088 18
25.30000000000009 18
25.400000000000091 18
25.500000000000092 17
25.600000000000094 18
25.700000000000095 18
25.800000000000097 18
25.900000000000098 18
26.000000000000099 17
26.100000000000101 15
26.200000000000102 12
26.300000000000104 10
26.400000000000105 8
26.500000000000107 2
26.600000000000108 3
26.700000000000109 3
26.800000000000111 3
26.900000000000112 5
27.000000000000114 6
27.100000000000115 6
27.200000000000117 6
27.300000000000118 8
27.400000000000119 10
27.500000000000121 10
27.600000000000122 10
27.700000000000124 12
27.800000000000125 12
27.900000000000126 13
28.000000000000128 13
28.100000000000129 13
28.200000000000131 13
28.300000000000132 15
28.400000000000134 14
28.500000000000135 15
28.600000000000136 15
28.700000000000138 16
28.800000000000139 17
28.900000000000141 16
29.000000000000142 17
29.100000000000144 17
29.200000000000145 17
29.300000000000146 18
29.400000000000148 18
29.500000000000149 17
29.600000000000151 18
29.700000000000152 18
29.800000000000153 18
29.900000000000155 18
30.000000000000156 18
30.100000000000158 17
30.200000000000159 17
30.300000000000161 18
30.400000000000162 18
30.500000000000163 15
30.600000000000165 10
30.700000000000166 6
30.800000000000168 0
30.900000000000169 0
31.000000000000171 0
31.100000000000172 3
31.200000000000173 0
31.300000000000175 0
31.400000000000176 1
31.500000000000178 3
31.600000000000179 0
31.70000000000018 0
31.800000000000182 3
31.900000000000183 3
32.000000000000185 0
32.100000000000186 0
32.200000000000188 5
32.300000000000189 6
32.40000000000019 3
32.500000000000192 1
32.600000000000193 1
32.700000000000195 3
32.800000000000196 4
32.900000000000198 3
33.000000000000199 4
33.1000000000002 5
33.200000000000202 6
33.300000000000203 5
33.400000000000205 5
33.500000000000206 7
33.600000000000207 8
33.700000000000209 7
33.80000000000021 8
33.900000000000212 8
34.000000000000213 10
34.100000000000215 9
34.200000000000216 9
34.300000000000217 9
34.400000000000219 11
34.50000000000022 11
34.600000000000222 11
34.700000000000223 11
34.800000000000225 12
34.900000000000226 12
35.000000000000227 14
35.100000000000229 14
35.20000000000023 13
35.300000000000232 14
35.400000000000233 14
35.500000000000234 15
35.600000000000236 14
35.700000000000237 15
35.800000000000239 15
35.90000000000024 17
36.000000000000242 17
36.100000000000243 16
36.200000000000244 18
36.300000000000246 18
36.400000000000247 18
36.500000000000249 19
36.60000000000025 18
36.700000000000252 17
36.800000000000253 18
36.900000000000254 17
37.000000000000256 17
37.100000000000257 19
37.200000000000259 17
37.30000000000026 16
37.400000000000261 14
37.500000000000263 13
37.600000000000264 10
37.700000000000266 4
37.800000000000267 0
37.900000000000269 0
38.00000000000027 0
38.100000000000271 4
38.200000000000273 0
38.300000000000274 0
38.400000000000276 1
38.500000000000277 4
38.600000000000279 0
38.70000000000028 0
38.800000000000281 3
38.900000000000283 4
39.000000000000284 0
39.100000000000286 0
39.200000000000287 4
39.300000000000288 3
39.40000000000029 3
39.500000000000291 2
39.600000000000293 3
39.700000000000294 3
39.800000000000296 4
39.900000000000297 3
40.000000000000298 5
40.1000000000003 7
40.200000000000301 5
40.300000000000303 6
40.400000000000304 7
40.500000000000306 7
40.600000000000307 7
40.700000000000308 8
40.80000000000031 8
40.900000000000311 9
41.000000000000313 11
41.100000000000314 9
41.200000000000315 10
41.300000000000317 10
41.400000000000318 11
41.50000000000032 12
41.600000000000321 12
41.700000000000323 11
41.800000000000324 12
41.900000000000325 14
42.000000000000327 14
42.100000000000328 13
42.20000000000033 14
42.300000000000331 14
42.400000000000333 14
42.500000000000334 16
42.600000000000335 15
42.700000000000337 16
42.800000000000338 16
42.90000000000034 15
43.000000000000341 18
43.100000000000342 19
43.200000000000344 17
43.300000000000345 18
43.400000000000347 18
43.500000000000348 18
43.60000000000035 19
43.700000000000351 19
43.800000000000352 18
43.900000000000354 17
44.000000000000355 19
44.100000000000357 17
44.200000000000358 18
44.30000000000036 19
44.400000000000361 18
44.500000000000362 16
44.600000000000364 10
44.700000000000365 3
44.800000000000367 0
44.900000000000368 0
45.000000000000369 0
45.100000000000371 0
45.200000000000372 0
45.300000000000374 0
45.400000000000375 0
45.500000000000377 0
45.600000000000378 0
45.700000000000379 3
45.800000000000381 3
45.900000000000382 0
46.000000000000384 1
46.100000000000385 2
46.200000000000387 3
46.300000000000388 2
46.400000000000389 0
46.500000000000391 0
46.600000000000392 3
46.700000000000394 3
46.800000000000395 2
46.900000000000396 5
47.000000000000398 5
47.100000000000399 4
47.200000000000401 5
47.300000000000402 6
47.400000000000404 8
47.500000000000405 6
47.600000000000406 6
47.700000000000408 6
47.800000000000409 8
47.900000000000411 9
48.000000000000412 8
48.100000000000414 8
48.200000000000415 8
48.300000000000416 12
48.400000000000418 10
48.500000000000419 11
48.600000000000421 10
48.700000000000422 11
48.800000000000423 13
48.900000000000425 12
49.000000000000426 13
49.100000000000428 13
49.200000000000429 12
49.300000000000431 13
49.400000000000432 14
49.500000000000433 15
49.600000000000435 15
49.700000000000436 14
49.800000000000438 16
49.900000000000439 16
50.000000000000441 16
50.100000000000442 17
50.200000000000443 16
50.300000000000445 17
50.400000000000446 18
50.500000000000448 17
50.600000000000449 17
50.70000000000045 18
50.800000000000452 17
50.900000000000453 18
51.000000000000455 19
51.100000000000456 17
51.200000000000458 18
51.300000000000459 17
51.40000000000046 12
51.500000000000462 9
51.600000000000463 9
51.700000000000465 6
51.800000000000466 2
51.900000000000468 0
52.000000000000469 0
52.10000000000047 0
52.200000000000472 0
52.300000000000473 0
52.400000000000475 0
52.500000000000476 0
52.600000000000477 2
52.700000000000479 0
52.80000000000048 3
52.900000000000482 4
53.000000000000483 2
53.100000000000485 2
53.200000000000486 1
53.300000000000487 1
53.400000000000489 1
53.50000000000049 3
53.600000000000492 2
53.700000000000493 2
53.800000000000495 5
53.900000000000496 4
54.000000000000497 3
54.100000000000499 6
54.2000000000005 7
54.300000000000502 5
54.400000000000503 5
54.500000000000504 8
54.600000000000506 8
54.700000000000507 7
54.800000000000509 8
54.90000000000051 7
55.000000000000512 10
55.100000000000513 10
55.200000000000514 9
55.300000000000516 10
55.400000000000517 10
55.500000000000519 11
55.60000000000052 11
55.700000000000522 11
55.800000000000523 12
55.900000000000524 12
56.000000000000526 13
56.100000000000527 13
56.200000000000529 14
56.30000000000053 13
56.400000000000531 13
56.500000000000533 16
56.600000000000534 16
56.700000000000536 15
56.800000000000537 16
56.900000000000539 16
57.00000000000054 15
57.100000000000541 17
57.200000000000543 16
57.300000000000544 17
57.400000000000546 18
57.500000000000547 17
57.600000000000549 17
57.70000000000055 19
57.800000000000551 17
57.900000000000553 17
58.000000000000554 18
58.100000000000556 17
58.200000000000557 18
58.300000000000558 19
58.40000000000056 17
58.500000000000561 18
58.600000000000563 14
58.700000000000564 7
58.800000000000566 1
58.900000000000567 0
59.000000000000568 0
59.10000000000057 0
59.200000000000571 0
59.300000000000573 0
59.400000000000574 2
59.500000000000576 2
59.600000000000577 0
59.700000000000578 1
59.80000000000058 2
59.900000000000581 1
60.000000000000583 0
60.100000000000584 2
60.200000000000585 4
60.300000000000587 1
60.400000000000588 1
60.50000000000059 0
60.600000000000591 2
60.700000000000593 2
60.800000000000594 3
60.900000000000595 3
61.000000000000597 4
61.100000000000598 6
61.2000000000006 5
61.300000000000601 4
61.400000000000603 7
61.500000000000604 8
61.600000000000605 6
61.700000000000607 7
61.800000000000608 8
61.90000000000061 8
62.000000000000611 8
62.100000000000612 9
62.200000000000614 8
62.300000000000615 11
62.400000000000617 12
62.500000000000618 10
62.60000000000062 11
62.700000000000621 10
62.800000000000622 12
62.900000000000624 14
63.000000000000625 12
63.100000000000627 12
63.200000000000628 13
63.30000000000063 14
63.400000000000631 14
63.500000000000632 14
63.600000000000634 14
63.700000000000635 14
63.800000000000637 15
63.900000000000638 16
64.000000000000639 17
64.100000000000634 16
64.200000000000628 17
64.300000000000622 17
64.400000000000617 16
64.500000000000611 17
64.600000000000605 17
64.7000000000006 18
64.800000000000594 17
64.900000000000588 18
65.000000000000583 18
65.100000000000577 18
65.200000000000571 17
65.300000000000566 17
65.40000000000056 15
65.500000000000554 11
65.600000000000549 8
65.700000000000543 6
65.800000000000537 5
65.900000000000531 2
66.000000000000526 0
66.10000000000052 0
66.200000000000514 0
66.300000000000509 1
66.400000000000503 0
66.500000000000497 0
66.600000000000492 1
66.700000000000486 0
66.80000000000048 0
66.900000000000475 4
67.000000000000469 6
67.100000000000463 2
67.200000000000458 2
67.300000000000452 1
67.400000000000446 1
67.500000000000441 2
67.600000000000435 3
67.700000000000429 1
67.800000000000423 3
67.900000000000418 5
68.000000000000412 3
68.100000000000406 3
68.200000000000401 6
68.300000000000395 6
68.400000000000389 5
68.500000000000384 6
68.600000000000378 7
68.700000000000372 9
68.800000000000367 8
68.900000000000361 7
69.000000000000355 8
69.10000000000035 10
69.200000000000344 10
69.300000000000338 9
69.400000000000333 11
69.500000000000327 10
69.600000000000321 12
69.700000000000315 12
69.80000000000031 11
69.900000000000304 12
70.000000000000298 12
70.100000000000293 13
70.200000000000287 13
70.300000000000281 14
70.400000000000276 13
70.50000000000027 14
70.600000000000264 15
70.700000000000259 16
70.800000000000253 15
70.900000000000247 16
71.000000000000242 16
71.100000000000236 15
71.20000000000023 16
71.300000000000225 16
71.400000000000219 17
71.500000000000213 18
71.600000000000207 17
71.700000000000202 18
71.800000000000196 18
71.90000000000019 17
72.000000000000185 18
72.100000000000179 17
72.200000000000173 17
72.300000000000168 18
72.400000000000162 18
72.500000000000156 17
72.600000000000151 18
72.700000000000145 13
72.800000000000139 7
72.900000000000134 1
73.000000000000128 0
73.100000000000122 0
73.200000000000117 0
73.300000000000111 0
73.400000000000105 0
73.500000000000099 2
73.600000000000094 1
73.700000000000088 0
73.800000000000082 1
73.900000000000077 1
74.000000000000071 1
74.100000000000065 1
74.20000000000006 2
74.300000000000054 4
74.400000000000048 0
74.500000000000043 2
74.600000000000037 1
74.700000000000031 1
74.800000000000026 3
74.90000000000002 3
75.000000000000014 2
75.100000000000009 5
75.200000000000003 6
75.299999999999997 4
75.399999999999991 4
75.499999999999986 7
75.59999999999998 7
75.699999999999974 6
75.799999999999969 8
75.899999999999963 7
75.999999999999957 9
76.099999999999952 9
76.199999999999946 8
76.29999999999994 9
76.399999999999935 11
76.499999999999929 11
76.599999999999923 10
76.699999999999918 12
76.799999999999912 10
76.899999999999906 13
76.999999999999901 14
77.099999999999895 12
77.199999999999889 12
77.299999999999883 14
77.399999999999878 14
77.499999999999872 15
77.599999999999866 15
77.699999999999861 14
77.799999999999855 15
77.899999999999849 14
77.999999999999844 16
78.099999999999838 17
78.199999999999832 16
78.299999999999827 17
78.399999999999821 17
78.499999999999815 16
78.59999999999981 17
78.699999999999804 17
78.799999999999798 17
78.899999999999793 17
78.999999999999787 18
79.099999999999781 17
79.199999999999775 18
79.29999999999977 17
79.399999999999764 17
79.499999999999758 15
79.599999999999753 11
79.699999999999747 7
79.799999999999741 6
79.899999999999736 5
79.99999999999973 1
80.099999999999724 0
80.199999999999719 0
80.299999999999713 0
80.399999999999707 1
80.499999999999702 0
80.599999999999696 0
80.69999999999969 0
80.799999999999685 0
80.899999999999679 0
80.999999999999673 0
81.099999999999667 3
81.199999999999662 0
81.299999999999656 0
81.39999999999965 0
81.499999999999645 1
81.599999999999639 0
81.699999999999633 0
81.799999999999628 1
81.899999999999622 0
81.999999999999616 0
82.099999999999611 0
82.199999999999605 0
82.299999999999599 0
82.399999999999594 0
82.499999999999588 1
82.599999999999582 0
82.699999999999577 0
82.799999999999571 0
82.899999999999565 0
82.999999999999559 0
83.099999999999554 0
83.199999999999548 0
83.299999999999542 0
83.399999999999537 0
83.499999999999531 0
83.599999999999525 0
83.69999999999952 0
83.799999999999514 0
83.899999999999508 0
83.999999999999503 0
84.099999999999497 0
84.199999999999491 0
84.299999999999486 0
84.39999999999948 1
84.499999999999474 1
84.599999999999469 0
84.699999999999463 1
84.799999999999457 1
84.899999999999451 1
84.999999999999446 0
85.09999999999944 1
85.199999999999434 1
85.299999999999429 0
85.399999999999423 1
85.499999999999417 1
85.599999999999412 1
85.699999999999406 1
85.7999999999994 2
85.899999999999395 2
85.999999999999389 2
86.099999999999383 3
86.199999999999378 3
86.299999999999372 3
86.399999999999366 3
86.499999999999361 4
86.599999999999355 4
86.699999999999349 4
86.799999999999343 4
86.899999999999338 5
86.999999999999332 5
87.099999999999326 5
87.199999999999321 5
87.299999999999315 5
87.399999999999309 6
87.499999999999304 6
87.599999999999298 6
87.699999999999292 6
87.799999999999287 7
87.899999999999281 7
87.999999999999275 7
88.09999999999927 7
88.199999999999264 8
88.299999999999258 8
88.399999999999253 8
88.499999999999247 8
88.599999999999241 8
88.699999999999235 9
88.79999999999923 9
88.899999999999224 9
88.999999999999218 9
89.099999999999213 9
89.199999999999207 10
89.299999999999201 10
89.399999999999196 10
89.49999999999919 10
89.599999999999184 10
89.699999999999179 11
89.799999999999173 11
89.899999999999167 11
89.999999999999162 11
90.099999999999156 11
90.19999999999915 12
90.299999999999145 12
90.399999999999139 12
90.499999999999133 12
90.599999999999127 12
90.699999999999122 13
90.799999999999116 13
90.89999999999911 13
90.999999999999105 13
91.099999999999099 13
91.199999999999093 13
91.299999999999088 14
91.399999999999082 14
91.499999999999076 14
91.599999999999071 14
91.699999999999065 14
91.799999999999059 15
91.899999999999054 15
91.999999999999048 15
92.099999999999042 15
92.199999999999037 15
92.299999999999031 15
92.399999999999025 16
92.499999999999019 16
92.599999999999014 16
92.699999999999008 16
92.799999999999002 16
92.899999999998997 16
92.999999999998991 17
93.099999999998985 17
93.19999999999898 17
93.299999999998974 17
93.399999999998968 17
93.499999999998963 17
93.599999999998957 18
93.699999999998951 18
93.799999999998946 18
93.89999999999894 18
93.999999999998934 18
94.099999999998929 18
94.199999999998923 18
94.299999999998917 18
94.399999999998911 18
94.499999999998906 18
94.5999999999989 18
94.699999999998894 18
94.799999999998889 18
94.899999999998883 16
94.999999999998877 9
95.099999999998872 3
95.199999999998866 0
95.29999999999886 0
95.399999999998855 0
95.499999999998849 0
95.599999999998843 0
95.699999999998838 0
95.799999999998832 0
95.899999999998826 0
95.99999999999882 0
96.099999999998815 0
96.199999999998809 2
96.299999999998803 0
96.399999999998798 0
96.499999999998792 3
96.599999999998786 5
96.699999999998781 0
96.799999999998775 1
96.899999999998769 6
96.999999999998764 6
97.099999999998758 0
97.199999999998752 0
97.299999999998747 0
97.399999999998741 1
97.499999999998735 0
97.59999999999873 0
97.699999999998724 2
97.799999999998718 1
97.899999999998712 1
97.999999999998707 2
98.099999999998701 2
98.199999999998695 2
98.29999999999869 3
98.399999999998684 3
98.499999999998678 3
98.599999999998673 4
98.699999999998667 3
98.799999999998661 4
98.899999999998656 5
98.99999999999865 4
99.099999999998644 4
99.199999999998639 6
99.299999999998633 5
99.399999999998627 5
99.499999999998622 6
99.599999999998616 6
99.69999999999861 6
99.799999999998604 7
99.899999999998599 6
99.999999999998593 6
100.09999999999859 8
100.19999999999858 7
100.29999999999858 7
100.39999999999857 8
100.49999999999856 8
100.59999999999856 8
100.69999999999855 9
100.79999999999855 8
100.89999999999854 8
100.99999999999854 10
101.09999999999853 9
101.19999999999852 9
101.29999999999852 10
101.39999999999851 9
101.49999999999851 10
101.5999999999985 11
101.6999999999985 10
101.79999999999849 10
101.89999999999849 11
101.99999999999848 11
102.09999999999847 11
102.19999999999847 12
102.29999999999846 11
102.39999999999846 11
102.49999999999845 13
102.59999999999845 12
102.69999999999844 12
102.79999999999843 13
102.89999999999843 12
102.99999999999842 13
103.09999999999842 14
103.19999999999841 13
103.29999999999841 13
103.3999999999984 14
103.49999999999839 13
103.59999999999839 14
103.69999999999838 15
103.79999999999838 14
103.89999999999837 14
103.99999999999837 15
104.09999999999836 15
104.19999999999835 15
104.29999999999835 16
104.39999999999834 15
104.49999999999834 15
104.59999999999833 16
104.69999999999833 16
104.79999999999832 16
104.89999999999831 16
104.99999999999831 16
105.0999999999983 16
105.1999999999983 16
105.29999999999829 17
105.39999999999829 17
105.49999999999828 17
105.59999999999827 17
105.69999999999827 17
105.79999999999826 17
105.89999999999826 18
105.99999999999825 18
106.09999999999825 18
106.19999999999824 18
106.29999999999824 18
106.39999999999823 18
106.49999999999822 18
106.59999999999822 18
106.69999999999821 18
106.79999999999821 18
106.8999999999982 18
106.9999999999982 18
107.09999999999819 18
107.19999999999818 15
107.29999999999818 8
107.39999999999817 2
107.49999999999817 0
107.59999999999816 0
107.69999999999816 0
107.79999999999815 0
107.89999999999814 0
107.99999999999814 0
108.09999999999813 1
108.19999999999813 0
108.29999999999812 0
108.39999999999812 0
108.49999999999811 2
108.5999999999981 0
108.6999999999981 0
108.79999999999809 4
108.89999999999809 6
108.99999999999808 0
109.09999999999808 2
109.19999999999807 4
109.29999999999806 4
109.39999999999806 0
109.49999999999805 0
109.59999999999805 1
109.69999999999804 1
109.79999999999804 0
109.89999999999803 1
109.99999999999802 1
110.09999999999802 1
110.19999999999801 1
110.29999999999801 2
110.399999999998 2
110.499999999998 2
110.59999999999799 2
110.69999999999798 3
110.79999999999798 3
110.89999999999797 3
110.99999999999797 4
111.09999999999796 4
111.19999999999796 4
111.29999999999795 4
111.39999999999795 5
111.49999999999794 5
111.59999999999793 5
111.69999999999793 5
111.79999999999792 5
111.89999999999792 6
111.99999999999791 6
112.09999999999791 6
112.1999999999979 6
112.29999999999789 7
112.39999999999789 7
112.49999999999788 7
112.59999999999788 7
112.69999999999787 7
112.79999999999787 8
112.89999999999786 8
112.99999999999785 8
113.09999999999785 8
113.19999999999784 9
113.29999999999784 9
113.39999999999783 9
113.49999999999783 9
113.59999999999782 9
113.69999999999781 10
113.79999999999781 10
113.8999999999978 11
113.9999999999978 10
114.09999999999779 10
114.19999999999779 12
114.29999999999778 11
114.39999999999777 11
114.49999999999777 12
114.59999999999776 11
114.69999999999776 12
114.79999999999775 13
114.89999999999775 12
114.99999999999774 12
115.09999999999773 13
115.19999999999773 13
115.29999999999772 13
115.39999999999772 14
115.49999999999771 13
115.59999999999771 13
115.6999999999977 14
115.79999999999769 14
115.89999999999769 14
115.99999999999768 15
116.09999999999768 14
116.19999999999767 14
116.29999999999767 16
116.39999999999766 15
116.49999999999766 15
116.59999999999765 16
116.69999999999764 15
116.79999999999764 15
116.89999999999763 17
116.99999999999763 16
117.09999999999762 16
117.19999999999762 17
117.29999999999761 16
117.3999999999976 16
117.4999999999976 18
117.59999999999759 17
117.69999999999759 17
117.79999999999758 18
117.89999999999758 17
117.99999999999757 17
118.09999999999756 19
118.19999999999756 18
118.29999999999755 18
118.39999999999755 19
118.49999999999754 18
118.59999999999754 18
118.69999999999753 19
118.79999999999752 18
118.89999999999752 18
118.99999999999751 19
119.09999999999751 18
119.1999999999975 18
119.2999999999975 19
119.39999999999749 16
119.49999999999748 10
119.59999999999748 4
119.69999999999747 0
119.79999999999747 0
119.89999999999746 0
119.99999999999746 0
120.09999999999745 0
120.19999999999744 0
120.29999999999744 0
120.39999999999743 0
120.49999999999743 0
120.59999999999742 0
120.69999999999742 3
120.79999999999741 0
120.89999999999741 0
120.9999999999974 2
121.09999999999739 7
121.19999999999739 1
121.29999999999738 1
121.39999999999738 4
121.49999999999737 4
121.59999999999737 0
121.69999999999736 0
121.79999999999735 1
121.89999999999735 1
121.99999999999734 0
122.09999999999734 1
122.19999999999733 1
122.29999999999733 1
122.39999999999732 1
122.49999999999731 2
122.59999999999731 2
122.6999999999973 2
122.7999999999973 2
122.89999999999729 3
122.99999999999729 3
123.09999999999728 3
123.19999999999727 3
123.29999999999727 4
123.39999999999726 4
123.49999999999726 4
123.59999999999725 4
123.69999999999725 5
123.79999999999724 5
123.89999999999723 5
123.99999999999723 5
124.09999999999722 0
124.19999999999722 0
124.29999999999721 0
124.39999999999721 0
124.4999999999972 0
124.59999999999719 0
124.69999999999719 0
124.79999999999718 0
124.89999999999718 0
124.99999999999717 0
