0.10000000000000001 1
0.20000000000000001 1
0.30000000000000004 1
0.40000000000000002 1
0.5 1
0.59999999999999998 1
0.69999999999999996 1
0.79999999999999993 1
0.89999999999999991 1
0.99999999999999989 1
1.0999999999999999 1
1.2 1
1.3 1
1.4000000000000001 2
1.5000000000000002 2
1.6000000000000003 2
1.7000000000000004 4
1.8000000000000005 4
1.9000000000000006 4
2.0000000000000004 6
2.1000000000000005 8
2.2000000000000006 8
2.3000000000000007 8
2.4000000000000008 8
2.5000000000000009 8
2.600000000000001 12
2.7000000000000011 14
2.8000000000000012 14
2.9000000000000012 14
3.0000000000000013 14
3.1000000000000014 14
3.2000000000000015 1
3.3000000000000016 1
3.4000000000000017 1
3.5000000000000018 2
3.6000000000000019 2
3.700000000000002 2
3.800000000000002 2
3.9000000000000021 3
4.0000000000000018 3
4.1000000000000014 3
4.2000000000000011 4
4.3000000000000007 4
4.4000000000000004 4
4.5 5
4.5999999999999996 7
4.6999999999999993 7
4.7999999999999989 7.14286
4.8999999999999986 7.6873
4.9999999999999982 7.9453
5.0999999999999979 7.9453
5.1999999999999975 8.55584
5.2999999999999972 8.78802
5.3999999999999968 8.78802
5.4999999999999964 9.23468
5.5999999999999961 9.55582
5.6999999999999957 9.66047
5.7999999999999954 9.8664
5.899999999999995 10.2658
5.9999999999999947 10.5553
6.0999999999999943 10.5553
6.199999999999994 11.0208
6.2999999999999936 11.2908
6.3999999999999932 11.4672
6.4999999999999929 11.7269
6.5999999999999925 12.0643
6.6999999999999922 12.2295
6.7999999999999918 12.5534
6.8999999999999915 12.8691
6.9999999999999911 13.1008
7.0999999999999908 13.3285
7.1999999999999904 13.6261
7.2999999999999901 13.8451
7.3999999999999897 14.2025
7.4999999999999893 14.4821
7.599999999999989 14.6199
7.6999999999999886 14.8916
7.7999999999999883 15.2244
7.8999999999999879 15.4206
7.9999999999999876 15.55
8.0999999999999872 15.8689
8.1999999999999869 16.1195
8.2999999999999865 16.3662
8.3999999999999861 16.4882
8.4999999999999858 16.7295
8.5999999999999854 17.0262
8.6999999999999851 17.26
8.7999999999999847 17.4332
8.8999999999999844 17.5477
8.999999999999984 17.8309
9.0999999999999837 18.0541
9.1999999999999833 18.2747
9.2999999999999829 18.384
9.3999999999999826 18.5467
9.4999999999999822 18.8147
9.5999999999999819 19.0264
9.6999999999999815 19.1837
9.7999999999999812 19.3396
9.8999999999999808 19.4943
9.9999999999999805 19.6987
10.09999999999998 19.9512
10.19999999999998 20.1012
10.299999999999979 20.2501
10.399999999999979 20.3979
10.499999999999979 20.5446
10.599999999999978 20.7868
10.699999999999978 20.9786
10.799999999999978 21.1213
10.899999999999977 21.263
10.999999999999977 21.4038
11.099999999999977 21.5901
11.199999999999976 21.7747
11.299999999999976 21.9579
11.399999999999975 22.0942
11.499999999999975 22.2297
11.599999999999975 22.3644
11.699999999999974 22.4983
11.799999999999974 22.6755
11.899999999999974 22.8952
11.999999999999973 22.9825
12.099999999999973 1
12.199999999999973 1
12.299999999999972 1
12.399999999999972 1
12.499999999999972 1
12.599999999999971 1
12.699999999999971 2
12.799999999999971 2
12.89999999999997 2
12.99999999999997 3
13.099999999999969 4
13.199999999999969 4
13.299999999999969 4
13.399999999999968 8
13.499999999999968 8
13.599999999999968 8
13.699999999999967 11
13.799999999999967 11.4473
13.899999999999967 11.4473
13.999999999999966 11.5346
14.099999999999966 12.1284
14.199999999999966 12.3741
14.299999999999965 12.3741
14.399999999999965 12.8513
14.499999999999964 13.2358
14.599999999999964 13.3113
14.699999999999964 13.5354
14.799999999999963 13.9728
14.899999999999963 14.1864
14.999999999999963 14.2569
15.099999999999962 14.5355
15.199999999999962 14.8762
15.299999999999962 15.1433
15.399999999999961 15.2094
15.499999999999961 15.4058
15.599999999999961 15.7912
15.69999999999996 16.043
15.79999999999996 16.1054
15.899999999999959 16.2293
15.999999999999959 16.5956
16.099999999999959 16.8353
16.19999999999996 17.0716
16.299999999999962 17.0716
16.399999999999963 17.2468
16.499999999999964 17.5918
16.599999999999966 17.7618
16.699999999999967 17.9859
16.799999999999969 18.0415
16.89999999999997 18.2073
16.999999999999972 18.4803
17.099999999999973 18.6958
17.199999999999974 18.9088
17.299999999999976 19.0144
17.399999999999977 19.067
17.499999999999979 19.3278
17.59999999999998 19.534
17.699999999999982 19.7379
17.799999999999983 19.9398
17.899999999999984 19.99
17.999999999999986 20.1397
18.099999999999987 20.3376
18.199999999999989 20.5335
18.29999999999999 20.7276
18.399999999999991 20.92
18.499999999999993 20.92
18.599999999999994 21.1105
18.699999999999996 21.2993
18.799999999999997 21.4399
18.899999999999999 21.6721
19 21.8102
19.100000000000001 21.8561
19.200000000000003 22.0385
19.300000000000004 1
19.400000000000006 1
19.500000000000007 1
19.600000000000009 1
19.70000000000001 1
19.800000000000011 1
19.900000000000013 2
20.000000000000014 2
20.100000000000016 2
20.200000000000017 2
20.300000000000018 4
20.40000000000002 4
20.500000000000021 4
20.600000000000023 8
20.700000000000024 8
20.800000000000026 8
20.900000000000027 11
21.000000000000028 11.4473
21.10000000000003 11.4473
21.200000000000031 11.5346
21.300000000000033 12.0454
21.400000000000034 12.3741
21.500000000000036 12.3741
21.600000000000037 12.773
21.700000000000038 13.2358
21.80000000000004 13.3113
21.900000000000041 13.3864
22.000000000000043 13.9009
22.100000000000044 14.1864
22.200000000000045 14.2569
22.300000000000047 14.3969
22.400000000000048 14.8087
22.50000000000005 15.077
22.600000000000051 15.2094
22.700000000000053 15.2094
22.800000000000054 15.5997
22.900000000000055 15.9804
23.000000000000057 16.1674
23.100000000000058 16.1674
23.20000000000006 16.3523
23.300000000000061 16.7158
23.400000000000063 16.8947
23.500000000000064 17.1302
23.600000000000065 17.1302
23.700000000000067 17.3047
23.800000000000068 17.6486
23.90000000000007 17.8742
24.000000000000071 18.0415
24.100000000000072 18.0969
24.200000000000074 18.2073
24.300000000000075 18.4803
24.400000000000077 18.7493
24.500000000000078 18.9088
24.60000000000008 19.067
24.700000000000081 19.067
24.800000000000082 19.3278
24.900000000000084 19.534
25.000000000000085 19.7379
25.100000000000087 19.9398
25.200000000000088 20.04
25.30000000000009 20.04
25.400000000000091 20.2883
25.500000000000092 20.4847
25.600000000000094 20.6793
25.700000000000095 20.872
25.800000000000097 21.0154
25.900000000000098 21.0154
26.000000000000099 21.2523
26.100000000000101 21.4399
26.200000000000102 21.6259
26.300000000000104 21.8102
26.400000000000105 21.9931
26.500000000000107 21.9931
26.600000000000108 22.2195
26.700000000000109 22.4881
26.800000000000111 22.7976
26.900000000000112 23.0595
27.000000000000114 23.2325
27.100000000000115 23.5322
27.200000000000117 23.786
27.300000000000118 23.9954
27.400000000000119 24.1617
27.500000000000121 24.409
27.600000000000122 24.6538
27.700000000000124 24.8962
27.800000000000125 24.9764
27.900000000000126 25.1362
28.000000000000128 25.4134
28.100000000000129 25.6486
28.200000000000131 25.8042
28.300000000000132 25.8816
28.400000000000134 26.0358
28.500000000000135 26.2654
28.600000000000136 26.5308
28.700000000000138 26.7187
28.800000000000139 26.7935
28.900000000000141 26.9053
29.000000000000142 27.0906
29.100000000000144 27.3114
29.200000000000145 27.5667
29.300000000000146 27.7115
29.400000000000148 27.7476
29.500000000000149 27.8555
29.600000000000151 28.0702
29.700000000000152 28.2833
29.800000000000153 28.5299
29.900000000000155 28.6349
30.000000000000156 28.7047
30.100000000000158 28.8091
30.200000000000159 29.0167
30.300000000000161 29.2229
30.400000000000162 29.4616
30.500000000000163 29.4956
30.600000000000165 1
30.700000000000166 1
30.800000000000168 1
30.900000000000169 1
31.000000000000171 1
31.100000000000172 2
31.200000000000173 2
31.300000000000175 2
31.400000000000176 2
31.500000000000178 4
31.600000000000179 4
31.70000000000018 4
31.800000000000182 6
31.900000000000183 8
32.000000000000185 8
32.100000000000186 8
32.200000000000188 13
32.300000000000189 14.1425
32.40000000000019 14.1425
32.500000000000192 14.4232
32.600000000000193 14.6986
32.700000000000195 15.1022
32.800000000000196 15.1684
32.900000000000198 15.4304
33.000000000000199 15.7518
33.1000000000002 16.0667
33.200000000000202 16.1909
33.300000000000203 16.4974
33.400000000000205 16.6786
33.500000000000206 16.9763
33.600000000000207 17.0939
33.700000000000209 17.3844
33.80000000000021 17.5564
33.900000000000212 17.8394
34.000000000000213 18.007
34.100000000000215 18.1731
34.200000000000216 18.4466
34.300000000000217 18.6625
34.400000000000219 18.7695
34.50000000000022 18.9817
34.600000000000222 19.2437
34.700000000000223 19.3991
34.800000000000225 19.6045
34.900000000000226 19.7572
35.000000000000227 19.9086
35.100000000000229 20.1585
35.20000000000023 20.3562
35.300000000000232 20.5032
35.400000000000233 20.6492
35.500000000000234 20.7941
35.600000000000236 21.0335
35.700000000000237 21.223
35.800000000000239 21.4109
35.90000000000024 21.5042
36.000000000000242 21.6434
36.100000000000243 21.8276
36.200000000000244 22.0557
36.300000000000246 22.2365
36.400000000000247 22.3712
36.500000000000249 22.4605
36.60000000000025 22.5938
36.700000000000252 22.8142
36.800000000000253 22.9891
36.900000000000254 23.2057
37.000000000000256 23.3348
37.100000000000257 23.4204
37.200000000000259 23.5483
37.30000000000026 23.7598
37.400000000000261 23.9277
37.500000000000263 24.0945
37.600000000000264 1
37.700000000000266 1
37.800000000000267 1
37.900000000000269 1
38.00000000000027 1
38.100000000000271 2
38.200000000000273 2
38.300000000000274 2
38.400000000000276 2
38.500000000000277 4
38.600000000000279 4
38.70000000000028 4
38.800000000000281 6
38.900000000000283 8
39.000000000000284 8
39.100000000000286 9
39.200000000000287 12.0833
39.300000000000288 12.3299
39.40000000000029 12.3299
39.500000000000291 12.6512
39.600000000000293 13.0416
39.700000000000294 13.2703
39.800000000000296 13.3457
39.900000000000297 13.7891
40.000000000000298 14.0769
40.1000000000003 14.2187
40.200000000000301 14.4286
40.300000000000303 14.7039
40.400000000000304 15.0408
40.500000000000306 15.1735
40.600000000000307 15.305
40.700000000000308 15.5647
40.80000000000031 15.8834
40.900000000000311 16.1337
41.000000000000313 16.1337
41.100000000000314 16.4413
41.200000000000315 16.6832
41.300000000000317 16.9217
41.400000000000318 17.0984
41.50000000000032 17.1569
41.600000000000321 17.3888
41.700000000000323 17.6745
41.800000000000324 17.8997
41.900000000000325 18.0668
42.000000000000327 18.0668
42.100000000000328 18.3419
42.20000000000033 18.559
42.300000000000331 18.7736
42.400000000000333 18.9858
42.500000000000334 19.0385
42.600000000000335 19.1956
42.700000000000337 19.4031
42.800000000000338 19.6085
42.90000000000034 19.8622
43.000000000000341 20.0128
43.100000000000342 20.0128
43.200000000000344 20.2614
43.300000000000345 20.4091
43.400000000000347 20.6044
43.500000000000348 20.7979
43.60000000000035 20.9895
43.700000000000351 20.9895
43.800000000000352 21.1795
43.900000000000354 21.3677
44.000000000000355 21.5543
44.100000000000357 21.7393
44.200000000000358 21.9227
44.30000000000036 21.9227
44.400000000000361 22.1046
44.500000000000362 1
44.600000000000364 1
44.700000000000365 1
44.800000000000367 1
44.900000000000368 1
45.000000000000369 1
45.100000000000371 2
45.200000000000372 2
45.300000000000374 2
45.400000000000375 3
45.500000000000377 3
45.600000000000378 3
45.700000000000379 3
45.800000000000381 7
45.900000000000382 7
46.000000000000384 7
46.100000000000385 10
46.200000000000387 11.2705
46.300000000000388 11.2705
46.400000000000389 11.3592
46.500000000000391 11.8776
46.600000000000392 12.2108
46.700000000000394 12.2108
46.800000000000395 12.615
46.900000000000396 13.0834
47.000000000000398 13.1598
47.100000000000399 13.2358
47.200000000000401 13.6828
47.300000000000402 14.0444
47.400000000000404 14.1156
47.500000000000405 14.1864
47.600000000000406 14.6727
47.700000000000408 14.9435
47.800000000000409 15.077
47.900000000000411 15.077
48.000000000000412 15.4707
48.100000000000414 15.7276
48.200000000000415 16.043
48.300000000000416 16.043
48.400000000000418 16.1674
48.500000000000419 16.5351
48.600000000000421 16.7757
48.700000000000422 17.0129
48.800000000000423 17.0129
48.900000000000425 17.1886
49.000000000000426 17.4775
49.100000000000428 17.7053
49.200000000000429 17.9301
49.300000000000431 17.9859
49.400000000000432 18.0969
49.500000000000433 18.3716
49.600000000000435 18.5883
49.700000000000436 18.8026
49.800000000000438 18.9088
49.900000000000439 18.9088
50.000000000000441 19.2239
50.100000000000442 19.3796
50.200000000000443 19.5852
50.300000000000445 19.7886
50.400000000000446 19.8391
50.500000000000448 19.8895
50.600000000000449 20.1893
50.70000000000045 20.3867
50.800000000000452 20.5335
50.900000000000453 20.7276
51.000000000000455 20.7759
51.100000000000456 20.824
51.200000000000458 21.063
51.300000000000459 1
51.40000000000046 1
51.500000000000462 1
51.600000000000463 1
51.700000000000465 1
51.800000000000466 1
51.900000000000468 2
52.000000000000469 2
52.10000000000047 2
52.200000000000472 3
52.300000000000473 3
52.400000000000475 3
52.500000000000476 3
52.600000000000477 7
52.700000000000479 7
52.80000000000048 7
52.900000000000482 10.1
53.000000000000483 10.3942
53.100000000000485 10.3942
53.200000000000486 10.4904
53.300000000000487 11.0499
53.400000000000489 11.3192
53.50000000000049 11.3192
53.600000000000492 11.6685
53.700000000000493 12.2558
53.800000000000495 12.2558
53.900000000000496 12.3374
54.000000000000497 12.894
54.100000000000499 13.2015
54.2000000000005 13.2015
54.300000000000502 13.4274
54.400000000000503 13.8682
54.500000000000504 14.1545
54.600000000000506 14.1545
54.700000000000507 14.2954
54.800000000000509 14.7101
54.90000000000051 15.0469
55.000000000000512 15.1134
55.100000000000513 15.1134
55.200000000000514 15.5061
55.300000000000516 15.8259
55.400000000000517 16.0148
55.500000000000519 16.0772
55.60000000000052 16.1394
55.700000000000522 16.5077
55.800000000000523 16.7487
55.900000000000524 16.9862
56.000000000000526 17.0451
56.100000000000527 17.1038
56.200000000000529 17.4516
56.30000000000053 17.6229
56.400000000000531 17.9049
56.500000000000533 18.0164
56.600000000000534 18.0164
56.700000000000536 18.2922
56.800000000000537 18.5099
56.900000000000539 18.7251
57.00000000000054 18.9378
57.100000000000541 18.9906
57.200000000000543 18.9906
57.300000000000544 19.3044
57.400000000000546 19.5108
57.500000000000547 19.6641
57.600000000000549 19.9171
57.70000000000055 19.9171
57.800000000000551 19.9673
57.900000000000553 20.2659
58.000000000000554 20.4136
58.100000000000556 20.6089
58.200000000000557 20.8023
58.300000000000558 20.8503
58.40000000000056 20.8983
58.500000000000561 21.0891
58.600000000000563 1
58.700000000000564 1
58.800000000000566 1
58.900000000000567 1
59.000000000000568 1
59.10000000000057 1
59.200000000000571 2
59.300000000000573 2
59.400000000000574 2
59.500000000000576 3
59.600000000000577 3
59.700000000000578 3
59.80000000000058 4
59.900000000000581 7
60.000000000000583 7
60.100000000000584 7
60.200000000000585 10.199
60.300000000000587 10.3942
60.400000000000588 10.3942
60.50000000000059 10.5857
60.600000000000591 11.1404
60.700000000000593 11.3192
60.800000000000594 11.3192
60.900000000000595 11.8393
61.000000000000597 12.2558
61.100000000000598 12.2558
61.2000000000006 12.4184
61.300000000000601 12.9716
61.400000000000603 13.2015
61.500000000000604 13.2015
61.600000000000605 13.4274
61.700000000000607 13.8682
61.800000000000608 14.0835
61.90000000000061 14.1545
62.000000000000611 14.2251
62.100000000000612 14.6418
62.200000000000614 14.9802
62.300000000000615 15.1134
62.400000000000617 15.1134
62.500000000000618 15.3763
62.60000000000062 15.6988
62.700000000000621 15.8891
62.800000000000622 16.0772
62.900000000000624 16.0772
63.000000000000625 16.3246
63.100000000000627 16.6286
63.200000000000628 16.8679
63.30000000000063 17.0451
63.400000000000631 17.0451
63.500000000000632 17.2205
63.600000000000634 17.4516
63.700000000000635 17.7363
63.800000000000637 17.9049
63.900000000000638 18.0164
64.000000000000639 18.0164
64.100000000000634 18.2922
64.200000000000628 18.5099
64.300000000000622 18.7251
64.400000000000617 18.9378
64.500000000000611 18.9906
64.600000000000605 19.0433
64.7000000000006 19.2525
64.800000000000594 19.4594
64.900000000000588 19.6641
65.000000000000583 19.8668
65.100000000000577 19.9171
65.200000000000571 19.9673
65.300000000000566 20.0673
65.40000000000056 1
65.500000000000554 1
65.600000000000549 1
65.700000000000543 1
65.800000000000537 1
65.900000000000531 1
66.000000000000526 2
66.10000000000052 2
66.200000000000514 2
66.300000000000509 3
66.400000000000503 3
66.500000000000497 3
66.600000000000492 5
66.700000000000486 7
66.80000000000048 7
66.900000000000475 7
67.000000000000469 10.2971
67.100000000000463 10.3942
67.200000000000458 10.3942
67.300000000000452 10.4904
67.400000000000446 11.0499
67.500000000000441 11.3192
67.600000000000435 11.3192
67.700000000000429 11.7542
67.800000000000423 12.2558
67.900000000000418 12.2558
68.000000000000412 12.4184
68.100000000000406 12.894
68.200000000000401 13.2015
68.300000000000395 13.2015
68.400000000000389 13.4274
68.500000000000384 13.8682
68.600000000000378 14.1545
68.700000000000372 14.1545
68.800000000000367 14.2954
68.900000000000361 14.7781
69.000000000000355 15.0469
69.10000000000035 15.1134
69.200000000000344 15.1134
69.300000000000338 15.5061
69.400000000000333 15.8259
69.500000000000327 16.0772
69.600000000000321 16.0772
69.700000000000315 16.1394
69.80000000000031 16.5682
69.900000000000304 16.7487
70.000000000000298 16.9862
70.100000000000293 17.0451
70.200000000000287 17.1038
70.300000000000281 17.4516
70.400000000000276 17.6797
70.50000000000027 17.9049
70.600000000000264 18.0164
70.700000000000259 18.0164
70.800000000000253 18.2922
70.900000000000247 18.5099
71.000000000000242 18.7251
71.100000000000236 18.9378
71.20000000000023 18.9906
71.300000000000225 19.0433
71.400000000000219 19.3044
71.500000000000213 19.5108
71.600000000000207 19.715
71.700000000000202 19.9171
71.800000000000196 19.9171
71.90000000000019 20.0174
72.000000000000185 20.2659
72.100000000000179 20.4136
72.200000000000173 20.6574
72.300000000000168 20.8023
72.400000000000162 20.8503
72.500000000000156 20.9462
72.600000000000151 21.0891
72.700000000000145 1
72.800000000000139 1
72.900000000000134 1
73.000000000000128 1
73.100000000000122 1
73.200000000000117 1
73.300000000000111 2
73.400000000000105 2
73.500000000000099 2
73.600000000000094 3
73.700000000000088 3
73.800000000000082 3
73.900000000000077 5
74.000000000000071 7
74.100000000000065 7
74.20000000000006 7
74.300000000000054 10.199
74.400000000000048 10.3942
74.500000000000043 10.3942
74.600000000000037 10.5857
74.700000000000031 11.2302
74.800000000000026 11.3192
74.90000000000002 11.3192
75.000000000000014 11.9238
75.100000000000009 12.2558
75.200000000000003 12.2558
75.299999999999997 12.499
75.399999999999991 12.9716
75.499999999999986 13.2015
75.59999999999998 13.2015
75.699999999999974 13.4274
75.799999999999969 13.8682
75.899999999999963 14.1545
75.999999999999957 14.1545
76.099999999999952 14.2251
76.199999999999946 14.7101
76.29999999999994 14.9802
76.399999999999935 15.1134
76.499999999999929 15.1134
76.599999999999923 15.3763
76.699999999999918 15.6988
76.799999999999912 15.9521
76.899999999999906 16.0772
76.999999999999901 16.0772
77.099999999999895 16.3858
77.199999999999889 16.6286
77.299999999999883 16.8679
77.399999999999878 17.0451
77.499999999999872 17.0451
77.599999999999866 17.2205
77.699999999999861 17.5089
77.799999999999855 17.7363
77.899999999999849 17.9049
77.999999999999844 18.0164
78.099999999999838 18.0164
78.199999999999832 18.2922
78.299999999999827 18.5099
78.399999999999821 18.7251
78.499999999999815 18.9378
78.59999999999981 18.9906
78.699999999999804 19.0433
78.799999999999798 19.2525
78.899999999999793 19.5108
78.999999999999787 19.6641
79.099999999999781 19.8668
79.199999999999775 19.9171
79.29999999999977 19.9673
79.399999999999764 20.0673
79.499999999999758 1
79.599999999999753 1
79.699999999999747 1
79.799999999999741 1
79.899999999999736 1
79.99999999999973 1
80.099999999999724 2
80.199999999999719 2
80.299999999999713 2
80.399999999999707 3
80.499999999999702 3
80.599999999999696 3
80.69999999999969 5
80.799999999999685 7
80.899999999999679 7
80.999999999999673 7
81.099999999999667 10.2971
81.199999999999662 10.3942
81.299999999999656 10.3942
81.39999999999965 10.8666
81.499999999999645 11.3192
81.599999999999639 11.3192
81.699999999999633 11.5822
81.799999999999628 12.0909
81.899999999999622 12.2558
81.999999999999616 12.3374
82.099999999999611 12.816
82.199999999999605 13.2015
82.299999999999599 13.2015
82.399999999999594 13.576
82.499999999999588 14.0835
82.599999999999582 14.1545
82.699999999999577 14.3654
82.799999999999571 14.8458
82.899999999999565 15.1134
82.999999999999559 15.1796
83.099999999999554 15.6348
83.199999999999548 16.0148
83.299999999999542 16.0772
83.399999999999537 16.4469
83.499999999999531 16.8084
83.599999999999525 17.0451
83.69999999999952 17.2786
83.799999999999514 17.6229
83.899999999999508 18.0164
83.999999999999503 18.1272
84.099999999999497 18.5099
84.199999999999491 18.8317
84.299999999999486 18.9906
84.39999999999948 19.3562
84.499999999999474 19.6641
84.599999999999469 19.9171
84.699999999999463 20.1669
84.799999999999457 20.4626
84.899999999999451 20.7541
84.999999999999446 20.9939
85.09999999999944 21.2781
85.199999999999434 21.6049
85.299999999999429 21.8354
85.399999999999423 22.1087
85.499999999999417 22.4234
85.599999999999412 22.6897
85.699999999999406 22.9528
85.7999999999994 23.2561
85.899999999999395 23.5129
85.999999999999389 23.7669
86.099999999999383 24.0599
86.199999999999378 24.3082
86.299999999999372 24.554
86.399999999999366 24.8377
86.499999999999361 25.0783
86.599999999999355 25.3166
86.699999999999349 25.5918
86.799999999999343 25.8254
86.899999999999338 26.0569
86.999999999999332 26.3243
87.099999999999326 26.5514
87.199999999999321 26.7766
87.299999999999315 27.037
87.399999999999309 27.2581
87.499999999999304 27.4775
87.599999999999298 27.7312
87.699999999999292 27.9469
87.799999999999287 28.1609
87.899999999999281 28.4086
87.999999999999275 28.6191
88.09999999999927 28.8281
88.199999999999264 29.0701
88.299999999999258 29.2759
88.399999999999253 29.4802
88.499999999999247 29.7169
88.599999999999241 29.9182
88.699999999999235 30.1182
88.79999999999923 30.3498
88.899999999999224 30.547
88.999999999999218 30.7429
89.099999999999213 30.9699
89.199999999999207 31.1631
89.299999999999201 31.3551
89.399999999999196 31.5777
89.49999999999919 31.7672
89.599999999999184 31.9557
89.699999999999179 32.1741
89.799999999999173 32.3601
89.899999999999167 32.5451
89.999999999999162 32.7596
90.099999999999156 32.9423
90.19999999999915 33.124
90.299999999999145 33.3348
90.399999999999139 33.5144
90.499999999999133 33.693
90.599999999999127 33.9002
90.699999999999122 34.0768
90.799999999999116 34.2525
90.89999999999911 34.4563
90.999999999999105 34.6301
91.099999999999099 34.803
91.199999999999093 35.0036
91.299999999999088 35.1747
91.399999999999082 35.3449
91.499999999999076 35.5425
91.599999999999071 35.711
91.699999999999065 35.8787
91.799999999999059 36.0733
91.899999999999054 36.2393
91.999999999999048 36.4046
92.099999999999042 36.5964
92.199999999999037 36.7601
92.299999999999031 36.923
92.399999999999025 37.1122
92.499999999999019 37.2736
92.599999999999014 37.461
92.699999999999008 37.6208
92.799999999999002 37.78
92.899999999998997 37.9649
92.999999999998991 38.1227
93.099999999998985 38.2798
93.19999999999898 38.4623
93.299999999998974 38.618
93.399999999998968 38.7732
93.499999999998963 38.9533
93.599999999998957 39.1071
93.699999999998951 39.2603
93.799999999998946 39.4382
93.89999999999894 39.5901
93.999999999998934 39.7414
94.099999999998929 39.9172
94.199999999998923 40.0673
94.299999999998917 40.2168
94.399999999998911 40.3906
94.499999999998906 40.5389
94.5999999999989 40.6867
94.699999999998894 40.8584
94.799999999998889 41.005
94.899999999998883 1
94.999999999998877 1
95.099999999998872 1
95.199999999998866 1
95.29999999999886 1
95.399999999998855 1
95.499999999998849 2
95.599999999998843 2
95.699999999998838 2
95.799999999998832 3
95.899999999998826 3
95.99999999999882 3
96.099999999998815 3
96.199999999998809 7
96.299999999998803 7
96.399999999998798 7
96.499999999998792 11
96.599999999998786 14
96.699999999998781 14
96.799999999998775 16
96.899999999998769 20.0999
96.999999999998764 20.3966
97.099999999998758 20.3966
97.199999999998752 20.7373
97.299999999998747 21.025
97.399999999998741 21.3088
97.499999999998735 21.5888
97.59999999999873 21.8653
97.699999999998724 22.1382
97.799999999998718 22.4525
97.899999999998712 22.7184
97.999999999998707 22.9813
98.099999999998701 23.2842
98.199999999998695 23.5407
98.29999999999869 23.7944
98.399999999998684 24.0871
98.499999999998678 24.3351
98.599999999998673 24.5806
98.699999999998667 24.864
98.799999999998661 25.1043
98.899999999998656 25.3424
98.99999999999865 25.6173
99.099999999998644 25.8507
99.199999999998639 26.0819
99.299999999998633 26.3491
99.399999999998627 26.576
99.499999999998622 26.801
99.599999999998616 27.0611
99.69999999999861 27.2821
99.799999999998604 27.5013
99.899999999998599 27.7548
99.999999999998593 27.9703
100.09999999999859 28.1841
100.19999999999858 28.4315
100.29999999999858 28.6419
100.39999999999857 28.8508
100.49999999999856 29.0925
100.59999999999856 29.2982
100.69999999999855 29.5024
100.79999999999855 29.7388
100.89999999999854 29.94
100.99999999999854 30.1398
101.09999999999853 30.3713
101.19999999999852 30.5684
101.29999999999852 30.7641
101.39999999999851 30.9909
101.49999999999851 31.184
101.5999999999985 31.376
101.6999999999985 31.5984
101.79999999999849 31.7878
101.89999999999849 31.9761
101.99999999999848 32.1944
102.09999999999847 32.3803
102.19999999999847 32.5651
102.29999999999846 32.7795
102.39999999999846 32.9621
102.49999999999845 33.1437
102.59999999999845 33.3543
102.69999999999844 33.5338
102.79999999999843 33.7123
102.89999999999843 33.9194
102.99999999999842 34.096
103.09999999999842 34.2715
103.19999999999841 34.4753
103.29999999999841 34.649
103.3999999999984 34.8218
103.49999999999839 35.0223
103.59999999999839 35.1933
103.69999999999838 35.3634
103.79999999999838 35.5609
103.89999999999837 35.7293
103.99999999999837 35.8969
104.09999999999836 36.0914
104.19999999999835 36.2573
104.29999999999835 36.4225
104.39999999999834 36.6143
104.49999999999834 36.7778
104.59999999999833 36.9407
104.69999999999833 37.1298
104.79999999999832 37.2911
104.89999999999831 37.4517
104.99999999999831 37.6382
105.0999999999983 37.7973
105.1999999999983 37.9558
105.29999999999829 38.1398
105.39999999999829 38.2969
105.49999999999828 38.4533
105.59999999999827 38.6349
105.69999999999827 38.79
105.79999999999826 38.9444
105.89999999999826 39.1238
105.99999999999825 39.2769
106.09999999999825 39.4294
106.19999999999824 39.6066
106.29999999999824 39.7579
106.39999999999823 39.9085
106.49999999999822 40.0836
106.59999999999822 40.2331
106.69999999999821 40.382
106.79999999999821 40.555
106.8999999999982 40.7027
106.9999999999982 40.8499
107.09999999999819 40.9966
107.19999999999818 1
107.29999999999818 1
107.39999999999817 1
107.49999999999817 1
107.59999999999816 1
107.69999999999816 1
107.79999999999815 2
107.89999999999814 2
107.99999999999814 2
108.09999999999813 4
108.19999999999813 4
108.29999999999812 4
108.39999999999812 4
108.49999999999811 8
108.5999999999981 8
108.6999999999981 8
108.79999999999809 13
108.89999999999809 16
108.99999999999808 16
109.09999999999808 19
109.19999999999807 20.2488
109.29999999999806 20.592
109.39999999999806 20.6405
109.49999999999805 20.9295
109.59999999999805 21.2617
109.69999999999804 21.5424
109.79999999999804 21.8194
109.89999999999803 22.093
109.99999999999802 22.3632
110.09999999999802 22.6743
110.19999999999801 22.9377
110.29999999999801 23.198
110.399999999998 23.4981
110.499999999998 23.7523
110.59999999999799 24.0038
110.69999999999798 24.2939
110.79999999999798 24.5399
110.89999999999797 24.7834
110.99999999999797 25.0644
111.09999999999796 25.3029
111.19999999999796 25.5391
111.29999999999795 25.8119
111.39999999999795 26.0435
111.49999999999794 26.273
111.59999999999793 26.5383
111.69999999999793 26.7636
111.79999999999792 26.987
111.89999999999792 27.2454
111.99999999999791 27.4648
112.09999999999791 27.6826
112.1999999999979 27.9345
112.29999999999789 28.1486
112.39999999999789 28.3611
112.49999999999788 28.607
112.59999999999788 28.8161
112.69999999999787 29.0237
112.79999999999787 29.264
112.89999999999786 29.4684
112.99999999999785 29.6714
113.09999999999785 29.9066
113.19999999999784 30.1066
113.29999999999784 30.3054
113.39999999999783 30.5356
113.49999999999783 30.7316
113.59999999999782 30.9263
113.69999999999781 31.1519
113.79999999999781 31.3441
113.8999999999978 31.535
113.9999999999978 31.7563
114.09999999999779 31.9448
114.19999999999779 32.1321
114.29999999999778 32.3494
114.39999999999777 32.5344
114.49999999999777 32.7184
114.59999999999776 32.9317
114.69999999999776 33.1135
114.79999999999775 33.2943
114.89999999999775 33.504
114.99999999999774 33.6827
115.09999999999773 33.8604
115.19999999999773 34.0666
115.29999999999772 34.2423
115.39999999999772 34.4172
115.49999999999771 34.6201
115.59999999999771 34.793
115.6999999999977 34.9651
115.79999999999769 35.1648
115.89999999999769 35.3351
115.99999999999768 35.5046
116.09999999999768 35.7013
116.19999999999767 35.869
116.29999999999767 36.0359
116.39999999999766 36.2297
116.49999999999766 36.395
116.59999999999765 36.5596
116.69999999999764 36.7506
116.79999999999764 36.9136
116.89999999999763 37.0758
116.99999999999763 37.2642
117.09999999999762 37.425
117.19999999999762 37.585
117.29999999999761 37.7708
117.3999999999976 37.9294
117.4999999999976 38.0873
117.59999999999759 38.2707
117.69999999999759 38.4272
117.79999999999758 38.5831
117.89999999999758 38.7642
117.99999999999757 38.9187
118.09999999999756 39.0726
118.19999999999756 39.2514
118.29999999999755 39.404
118.39999999999755 39.5561
118.49999999999754 39.7327
118.59999999999754 39.8835
118.69999999999753 40.0337
118.79999999999752 40.2082
118.89999999999752 40.3572
118.99999999999751 40.5056
119.09999999999751 40.6781
119.1999999999975 40.8254
119.2999999999975 40.9722
119.39999999999749 1
119.49999999999748 1
119.59999999999748 1
119.69999999999747 1
119.79999999999747 1
119.89999999999746 1
119.99999999999746 2
120.09999999999745 2
120.19999999999744 2
120.29999999999744 3
120.39999999999743 4
120.49999999999743 4
120.59999999999742 4
120.69999999999742 8
120.79999999999741 8
120.89999999999741 8
120.9999999999974 11
121.09999999999739 16
121.19999999999739 16
121.29999999999738 18
121.39999999999738 20.1993
121.49999999999737 20.4945
121.59999999999737 20.592
121.69999999999736 20.8816
121.79999999999735 21.1674
121.89999999999735 21.4959
121.99999999999734 21.7275
122.09999999999734 22.0022
122.19999999999733 22.3184
122.29999999999733 22.5859
122.39999999999732 22.8502
122.49999999999731 23.1548
122.59999999999731 23.4128
122.6999999999973 23.6679
122.7999999999973 23.9621
122.89999999999729 24.2114
122.99999999999729 24.4582
123.09999999999728 24.7429
123.19999999999727 24.9845
123.29999999999727 25.2236
123.39999999999726 25.4999
123.49999999999726 25.7343
123.59999999999725 25.9665
123.69999999999725 26.2349
123.79999999999724 26.4628
123.89999999999723 26.6887
123.99999999999723 26.9499
124.09999999999722 27.1718
124.19999999999722 27.4284
124.29999999999721 27.6464
124.39999999999721 27.8627
124.4999999999972 27.8986
124.59999999999719 27.8986
124.69999999999719 27.8986
124.79999999999718 27.8986
124.89999999999718 27.8986
124.99999999999717 1
