1.001093 0 
2.013413 0 
3.009861 0 
4.003675 0 
5.001275 0 
6.001413 0 
7.002373 0 
8.003333 0 
9.004293 0 
10.000693 0 
11.001653 0 
12.000101 0 
13.001061 0 
14.002021 0 
15.000827 0 
16.000155 0 
17.001115 0 
18.000187 0 
19.001147 0 
20.000133 0 
21.001093 0 
22.002053 0 
23.003013 0 
24.003973 0 
25.000373 0 
26.001333 0 
27.002293 0 
28.000741 0 
29.001701 0 
30.000507 0 
31.001467 0 
32.000795 0 
33.001755 0 
34.000827 0 
35.000635 0 
36.000773 0 
37.001733 0 
38.002693 0 
39.003653 0 
40.000053 0 
41.001013 0 
42.001973 0 
43.000421 0 
44.001381 0 
45.000187 0 
46.001147 0 
47.000475 0 
48.001435 0 
49.000507 0 
50.000315 0 
51.000453 0 
52.001413 0 
53.002373 0 
54.003333 0 
55.004293 0 
56.000693 0 
57.001653 0 
58.000101 0 
59.001061 0 
60.002021 0 
61.000827 0 
62.000155 0 
63.001115 0 
64.000187 0 
65.001147 0 
66.000133 0 
67.001093 0 
68.002053 0 
69.003013 0 
70.003973 0 
71.000373 0 
72.001333 0 
73.002293 0 
74.000741 0 
75.001701 0 
76.000507 0 
77.001467 0 
78.000795 0 
79.001755 0 
80.000827 0 
81.000635 0 
82.000773 0 
83.001733 0 
84.002693 0 
85.003653 0 
86.000053 0 
87.001013 0 
88.001973 0 
89.000421 0 
90.001381 0 
91.000187 0 
92.001147 0 
93.000475 0 
94.001435 0 
95.000507 0 
96.000315 0 
97.000453 0 
98.001413 0 
99.002373 0 
100.003333 0 
101.004293 0 
102.000693 0 
103.001653 0 
104.000101 0 
105.001061 0 
106.002021 0 
107.000827 0 
108.000155 0 
109.001115 0 
110.000187 0 
111.001147 0 
112.000133 0 
113.001093 0 
114.002053 0 
115.003013 0 
116.003973 0 
117.000373 0 
118.001333 0 
119.002293 0 
120.000741 0 
121.001701 0 
122.000507 0 
123.001467 0 
124.000795 0 
124.330933 0 
