1.00272 0 
2.002448 1 
3.000427 36 
4.000155 0 
5.000827 0 
6.000773 0 
7.00168 0 
8.002981 0 
9.00024 0 
10.001147 0 
11.002448 3 
12.002613 0 
13.003461 0 
14.001328 0 
15.001893 0 
16.000667 0 
17.001573 0 
18.00208 0 
19.002267 2 
20.001413 0 
21.000827 0 
22.001733 0 
23.00088 0 
24.001013 0 
25.0012 3 
26.003893 0 
27.000187 0 
28.001488 0 
29.001328 0 
30.002853 0 
31.000955 0 
32.000795 1 
33.003835 1 
34.003675 0 
35.002501 0 
36.00048 0 
37.000667 0 
38.005387 1 
39.00016 2 
40.001248 0 
41.000507 0 
42.000853 0 
43.00064 0 
44.001547 0 
45.002848 0 
46.000107 1 
47.003488 2 
48.005621 0 
49.000667 0 
50.002261 0 
51.002101 0 
52.000928 0 
53.001728 0 
54.001568 2 
55.003813 0 
56.000395 0 
57.003435 0 
58.003275 0 
59.006315 0 
60.000875 0 
61.000267 3 
62.001909 0 
63.003413 0 
64.000267 0 
65.003173 0 
66.000341 0 
67.000181 0 
68.001707 0 
69.00048 2 
70.003915 0 
71.00008 0 
72.000053 0 
73.001355 0 
74.002155 0 
75.001995 2 
76.002213 1 
77.004133 0 
78.000507 0 
79.002955 0 
80.005995 0 
81.000555 0 
82.002421 0 
83.005461 0 
84.000021 0 
85.001888 0 
86.004928 0 
87.001515 0 
88.001355 0 
89.004395 0 
90.000981 1 
91.000533 1 
92.052613 0 
93.003173 0 
94.00744 0 
95.000528 0 
96.000187 0 
97.003781 0 
98.003621 0 
99.000293 0 
100.001221 0 
101.003088 0 
102.006128 0 
103.000688 0 
104.002555 0 
105.005595 0 
106.000155 0 
107.002021 2 
108.374373 0 
109.0232 0 
110.005333 0 
111.00016 0 
112.002688 0 
113.002347 0 
114.005941 0 
115.000501 0 
116.002368 0 
117.005408 0 
118.001995 0 
119.001835 0 
120.004875 0 
121.001461 0 
122.001301 0 
123.004341 1 
124.00232 1 
124.316027 0 
