1.00272 0 	 0 
2.002448 28736 	 0 
3.000427 42624 	 0 
4.000155 61568 	 0 
5.000827 14208 	 0 
6.000773 61568 	 0 
7.00168 56832 	 0 
8.002981 80512 	 0 
9.00024 89984 	 0 
10.001147 85248 	 0 
11.002448 99456 	 0 
12.002613 94720 	 0 
13.003461 127872 	 0 
14.001328 151552 	 0 
15.001893 175232 	 0 
16.000667 194176 	 0 
17.001573 175232 	 0 
18.00208 175232 	 0 
19.002267 151552 	 0 
20.001413 184704 	 0 
21.000827 170496 	 0 
22.001733 161024 	 0 
23.00088 161024 	 0 
24.001013 142080 	 0 
25.0012 165760 	 0 
26.003893 151552 	 0 
27.000187 179968 	 0 
28.001488 217856 	 0 
29.001328 217856 	 0 
30.002853 194176 	 0 
31.000955 213120 	 0 
32.000795 194176 	 0 
33.003835 198912 	 0 
34.003675 198912 	 0 
35.002501 165760 	 0 
36.00048 179968 	 0 
37.000667 170496 	 0 
38.005387 179968 	 0 
39.00016 142080 	 0 
40.001248 42624 	 0 
41.000507 33152 	 0 
42.000853 85248 	 0 
43.00064 85248 	 0 
44.001547 104192 	 0 
45.002848 99456 	 0 
46.000107 127872 	 0 
47.003488 108928 	 0 
48.005621 37888 	 0 
49.000667 33152 	 0 
50.002261 56832 	 0 
51.002101 80512 	 0 
52.000928 85248 	 0 
53.001728 75776 	 0 
54.001568 104192 	 0 
55.003813 156288 	 0 
56.000395 232064 	 0 
57.003435 241536 	 0 
58.003275 227328 	 0 
59.006315 213120 	 0 
60.000875 198912 	 0 
61.000267 203648 	 0 
62.001909 170496 	 0 
63.003413 4736 	 0 
64.000267 61568 	 0 
65.003173 118400 	 0 
66.000341 104192 	 0 
67.000181 118400 	 0 
68.001707 127872 	 0 
69.00048 108928 	 0 
70.003915 142080 	 0 
71.00008 123136 	 0 
72.000053 132608 	 0 
73.001355 132608 	 0 
74.002155 118400 	 0 
75.001995 137344 	 0 
76.002213 137344 	 0 
77.004133 156288 	 0 
78.000507 198912 	 0 
79.002955 198912 	 0 
80.005995 203648 	 0 
81.000555 255744 	 0 
82.002421 298368 	 0 
83.005461 303104 	 0 
84.000021 298368 	 0 
85.001888 298368 	 0 
86.004928 303104 	 0 
87.001515 298368 	 0 
88.001355 298368 	 0 
89.004395 303104 	 0 
90.000981 298368 	 0 
91.000533 288896 	 0 
92.052613 14208 	 0 
93.003173 61568 	 0 
94.00744 142080 	 0 
95.000528 184704 	 0 
96.000187 232064 	 0 
97.003781 274688 	 0 
98.003621 298368 	 0 
99.000293 298368 	 0 
100.001221 298368 	 0 
101.003088 298368 	 0 
102.006128 303104 	 0 
103.000688 298368 	 0 
104.002555 298368 	 0 
105.005595 303104 	 0 
106.000155 298368 	 0 
107.002021 298368 	 0 
108.374373 179968 	 0 
109.0232 14208 	 0 
110.005333 99456 	 0 
111.00016 156288 	 0 
112.002688 203648 	 0 
113.002347 246272 	 0 
114.005941 288896 	 0 
115.000501 298368 	 0 
116.002368 298368 	 0 
117.005408 303104 	 0 
118.001995 298368 	 0 
119.001835 298368 	 0 
120.004875 303104 	 0 
121.001461 298368 	 0 
122.001301 298368 	 0 
123.004341 303104 	 0 
124.00232 288896 	 0 
124.316027 52096 	 0 
