0.10000000000000001 0
0.20000000000000001 0
0.30000000000000004 0
0.40000000000000002 1
0.5 0
0.59999999999999998 0
0.69999999999999996 0
0.79999999999999993 0
0.89999999999999991 0
0.99999999999999989 0
1.0999999999999999 2
1.2 0
1.3 0
1.4000000000000001 6
1.5000000000000002 6
1.6000000000000003 0
1.7000000000000004 6
1.8000000000000005 13
1.9000000000000006 18
2.0000000000000004 18
2.1000000000000005 19
2.2000000000000006 18
2.3000000000000007 18
2.4000000000000008 19
2.5000000000000009 18
2.600000000000001 18
2.7000000000000011 18
2.8000000000000012 11
2.9000000000000012 5
3.0000000000000013 0
3.1000000000000014 0
3.2000000000000015 0
3.3000000000000016 0
3.4000000000000017 0
3.5000000000000018 0
3.6000000000000019 0
3.700000000000002 0
3.800000000000002 0
3.9000000000000021 1
4.0000000000000018 0
4.1000000000000014 1
4.2000000000000011 2
4.3000000000000007 0
4.4000000000000004 0
4.5 2
4.5999999999999996 3
4.6999999999999993 0
4.7999999999999989 0
4.8999999999999986 0
4.9999999999999982 0
5.0999999999999979 3
5.1999999999999975 4
5.2999999999999972 2
5.3999999999999968 2
5.4999999999999964 2
5.5999999999999961 1
5.6999999999999957 0
5.7999999999999954 3
5.899999999999995 3
5.9999999999999947 2
6.0999999999999943 3
6.199999999999994 3
6.2999999999999936 4
6.3999999999999932 2
6.4999999999999929 4
6.5999999999999925 6
6.6999999999999922 5
6.7999999999999918 5
6.8999999999999915 7
6.9999999999999911 7
7.0999999999999908 7
7.1999999999999904 7
7.2999999999999901 7
7.3999999999999897 9
7.4999999999999893 10
7.599999999999989 8
7.6999999999999886 9
7.7999999999999883 10
7.8999999999999879 11
7.9999999999999876 11
8.0999999999999872 11
8.1999999999999869 11
8.2999999999999865 12
8.3999999999999861 14
8.4999999999999858 13
8.5999999999999854 13
8.6999999999999851 15
8.7999999999999847 13
8.8999999999999844 14
8.999999999999984 15
9.0999999999999837 15
9.1999999999999833 15
9.2999999999999829 16
9.3999999999999826 16
9.4999999999999822 16
9.5999999999999819 17
9.6999999999999815 17
9.7999999999999812 17
9.8999999999999808 18
9.9999999999999805 17
10.09999999999998 18
10.19999999999998 18
10.299999999999979 19
10.399999999999979 18
10.499999999999979 18
10.599999999999978 18
10.699999999999978 18
10.799999999999978 19
10.899999999999977 17
10.999999999999977 18
11.099999999999977 17
11.199999999999976 13
11.299999999999976 7
11.399999999999975 2
11.499999999999975 0
11.599999999999975 1
11.699999999999974 0
11.799999999999974 0
11.899999999999974 0
11.999999999999973 0
12.099999999999973 0
12.199999999999973 0
12.299999999999972 0
12.399999999999972 0
12.499999999999972 0
12.599999999999971 0
12.699999999999971 0
12.799999999999971 0
12.89999999999997 0
12.99999999999997 0
13.099999999999969 0
13.199999999999969 1
13.299999999999969 0
13.399999999999968 2
13.499999999999968 0
13.599999999999968 0
13.699999999999967 3
13.799999999999967 1
13.899999999999967 3
13.999999999999966 1
14.099999999999966 1
14.199999999999966 1
14.299999999999965 3
14.399999999999965 3
14.499999999999964 3
14.599999999999964 2
14.699999999999964 5
14.799999999999963 4
14.899999999999963 3
14.999999999999963 5
15.099999999999962 7
15.199999999999962 5
15.299999999999962 5
15.399999999999961 7
15.499999999999961 8
15.599999999999961 7
15.69999999999996 8
15.79999999999996 9
15.899999999999959 8
15.999999999999959 9
16.099999999999959 9
16.19999999999996 10
16.299999999999962 10
16.399999999999963 10
16.499999999999964 11
16.599999999999966 12
16.699999999999967 12
16.799999999999969 13
16.89999999999997 12
16.999999999999972 13
17.099999999999973 14
17.199999999999974 13
17.299999999999976 15
17.399999999999977 15
17.499999999999979 14
17.59999999999998 15
17.699999999999982 16
17.799999999999983 16
17.899999999999984 16
17.999999999999986 17
18.099999999999987 16
18.199999999999989 18
18.29999999999999 18
18.399999999999991 18
18.499999999999993 18
18.599999999999994 18
18.699999999999996 17
18.799999999999997 17
18.899999999999999 18
19 18
19.100000000000001 17
19.200000000000003 15
19.300000000000004 15
19.400000000000006 14
19.500000000000007 10
19.600000000000009 7
19.70000000000001 6
19.800000000000011 0
19.900000000000013 0
20.000000000000014 1
20.100000000000016 2
20.200000000000017 1
20.300000000000018 2
20.40000000000002 4
20.500000000000021 2
20.600000000000023 2
20.700000000000024 4
20.800000000000026 5
20.900000000000027 4
21.000000000000028 6
21.10000000000003 5
21.200000000000031 6
21.300000000000033 6
21.400000000000034 7
21.500000000000036 7
21.600000000000037 9
21.700000000000038 8
21.80000000000004 9
21.900000000000041 10
22.000000000000043 10
22.100000000000044 9
22.200000000000045 11
22.300000000000047 11
22.400000000000048 12
22.50000000000005 13
22.600000000000051 11
22.700000000000053 12
22.800000000000054 13
22.900000000000055 13
23.000000000000057 13
23.100000000000058 13
23.20000000000006 14
23.300000000000061 14
23.400000000000063 17
23.500000000000064 16
23.600000000000065 15
23.700000000000067 15
23.800000000000068 16
23.90000000000007 16
24.000000000000071 18
24.100000000000072 17
24.200000000000074 17
24.300000000000075 17
24.400000000000077 17
24.500000000000078 17
24.60000000000008 19
24.700000000000081 18
24.800000000000082 17
24.900000000000084 18
25.000000000000085 18
25.100000000000087 18
25.200000000000088 18
25.30000000000009 12
25.400000000000091 6
25.500000000000092 3
25.600000000000094 0
25.700000000000095 0
25.800000000000097 0
25.900000000000098 0
26.000000000000099 0
26.100000000000101 0
26.200000000000102 0
26.300000000000104 0
26.400000000000105 1
26.500000000000107 0
26.600000000000108 0
26.700000000000109 0
26.800000000000111 0
26.900000000000112 1
27.000000000000114 0
27.100000000000115 0
27.200000000000117 1
27.300000000000118 3
27.400000000000119 3
27.500000000000121 0
27.600000000000122 1
27.700000000000124 3
27.800000000000125 0
27.900000000000126 1
28.000000000000128 4
28.100000000000129 2
28.200000000000131 2
28.300000000000132 4
28.400000000000134 5
28.500000000000135 4
28.600000000000136 5
28.700000000000138 5
28.800000000000139 7
28.900000000000141 7
29.000000000000142 6
29.100000000000144 7
29.200000000000145 10
29.300000000000146 8
29.400000000000148 8
29.500000000000149 10
29.600000000000151 10
29.700000000000152 10
29.800000000000153 11
29.900000000000155 11
30.000000000000156 11
30.100000000000158 13
30.200000000000159 12
30.300000000000161 12
30.400000000000162 13
30.500000000000163 13
30.600000000000165 13
30.700000000000166 14
30.800000000000168 13
30.900000000000169 14
31.000000000000171 16
31.100000000000172 15
31.200000000000173 17
31.300000000000175 16
31.400000000000176 16
31.500000000000178 17
31.600000000000179 17
31.70000000000018 16
31.800000000000182 17
31.900000000000183 18
32.000000000000185 18
32.100000000000186 18
32.200000000000188 19
32.300000000000189 17
32.40000000000019 17
32.500000000000192 18
32.600000000000193 18
32.700000000000195 18
32.800000000000196 16
32.900000000000198 13
33.000000000000199 11
33.1000000000002 8
33.200000000000202 4
33.300000000000203 1
33.400000000000205 0
33.500000000000206 0
33.600000000000207 3
33.700000000000209 0
33.80000000000021 2
33.900000000000212 3
34.000000000000213 2
34.100000000000215 2
34.200000000000216 4
34.300000000000217 5
34.400000000000219 4
34.50000000000022 6
34.600000000000222 5
34.700000000000223 7
34.800000000000225 6
34.900000000000226 6
35.000000000000227 7
35.100000000000229 9
35.20000000000023 8
35.300000000000232 8
35.400000000000233 10
35.500000000000234 10
35.600000000000236 11
35.700000000000237 10
35.800000000000239 10
35.90000000000024 12
36.000000000000242 12
36.100000000000243 13
36.200000000000244 13
36.300000000000246 13
36.400000000000247 12
36.500000000000249 13
36.60000000000025 15
36.700000000000252 15
36.800000000000253 15
36.900000000000254 14
37.000000000000256 16
37.100000000000257 16
37.200000000000259 16
37.30000000000026 16
37.400000000000261 16
37.500000000000263 17
37.600000000000264 17
37.700000000000266 18
37.800000000000267 19
37.900000000000269 18
38.00000000000027 17
38.100000000000271 18
38.200000000000273 18
38.300000000000274 18
38.400000000000276 19
38.500000000000277 16
38.600000000000279 12
38.70000000000028 9
38.800000000000281 6
38.900000000000283 6
39.000000000000284 7
39.100000000000286 6
39.200000000000287 0
39.300000000000288 0
39.40000000000029 0
39.500000000000291 0
39.600000000000293 0
39.700000000000294 0
39.800000000000296 0
39.900000000000297 0
40.000000000000298 1
40.1000000000003 0
40.200000000000301 0
40.300000000000303 2
40.400000000000304 3
40.500000000000306 0
40.600000000000307 0
40.700000000000308 4
40.80000000000031 3
40.900000000000311 0
41.000000000000313 1
41.100000000000314 2
41.200000000000315 2
41.300000000000317 1
41.400000000000318 2
41.50000000000032 3
41.600000000000321 0
41.700000000000323 1
41.800000000000324 3
41.900000000000325 3
42.000000000000327 3
42.100000000000328 4
42.20000000000033 4
42.300000000000331 5
42.400000000000333 5
42.500000000000334 6
42.600000000000335 6
42.700000000000337 7
42.800000000000338 7
42.90000000000034 7
43.000000000000341 9
43.100000000000342 9
43.200000000000344 8
43.300000000000345 9
43.400000000000347 10
43.500000000000348 10
43.60000000000035 11
43.700000000000351 11
43.800000000000352 10
43.900000000000354 12
44.000000000000355 11
44.100000000000357 12
44.200000000000358 12
44.30000000000036 13
44.400000000000361 13
44.500000000000362 14
44.600000000000364 14
44.700000000000365 14
44.800000000000367 15
44.900000000000368 14
45.000000000000369 15
45.100000000000371 17
45.200000000000372 15
45.300000000000374 17
45.400000000000375 17
45.500000000000377 17
45.600000000000378 17
45.700000000000379 19
45.800000000000381 17
45.900000000000382 17
46.000000000000384 18
46.100000000000385 18
46.200000000000387 18
46.300000000000388 19
46.400000000000389 17
46.500000000000391 18
46.600000000000392 17
46.700000000000394 13
46.800000000000395 13
46.900000000000396 14
47.000000000000398 9
47.100000000000399 7
47.200000000000401 2
47.300000000000402 0
47.400000000000404 0
47.500000000000405 0
47.600000000000406 0
47.700000000000408 0
47.800000000000409 0
47.900000000000411 0
48.000000000000412 0
48.100000000000414 1
48.200000000000415 1
48.300000000000416 1
48.400000000000418 2
48.500000000000419 0
48.600000000000421 1
48.700000000000422 1
48.800000000000423 1
48.900000000000425 1
49.000000000000426 2
49.100000000000428 0
49.200000000000429 2
49.300000000000431 2
49.400000000000432 3
49.500000000000433 3
49.600000000000435 4
49.700000000000436 5
49.800000000000438 4
49.900000000000439 5
50.000000000000441 7
50.100000000000442 6
50.200000000000443 7
50.300000000000445 8
50.400000000000446 8
50.500000000000448 8
50.600000000000449 8
50.70000000000045 9
50.800000000000452 9
50.900000000000453 11
51.000000000000455 9
51.100000000000456 9
51.200000000000458 12
51.300000000000459 12
51.40000000000046 12
51.500000000000462 12
51.600000000000463 12
51.700000000000465 13
51.800000000000466 15
51.900000000000468 14
52.000000000000469 13
52.10000000000047 14
52.200000000000472 14
52.300000000000473 15
52.400000000000475 17
52.500000000000476 16
52.600000000000477 15
52.700000000000479 17
52.80000000000048 17
52.900000000000482 17
53.000000000000483 19
53.100000000000485 17
53.200000000000486 17
53.300000000000487 19
53.400000000000489 18
53.50000000000049 18
53.600000000000492 19
53.700000000000493 17
53.800000000000495 18
53.900000000000496 18
54.000000000000497 17
54.100000000000499 15
54.2000000000005 9
54.300000000000502 5
54.400000000000503 5
54.500000000000504 7
54.600000000000506 6
54.700000000000507 2
54.800000000000509 1
54.90000000000051 0
55.000000000000512 0
55.100000000000513 0
55.200000000000514 0
55.300000000000516 0
55.400000000000517 0
55.500000000000519 1
55.60000000000052 0
55.700000000000522 0
55.800000000000523 0
55.900000000000524 3
56.000000000000526 0
56.100000000000527 0
56.200000000000529 1
56.30000000000053 3
56.400000000000531 2
56.500000000000533 2
56.600000000000534 5
56.700000000000536 5
56.800000000000537 5
56.900000000000539 5
57.00000000000054 9
57.100000000000541 7
57.200000000000543 7
57.300000000000544 7
57.400000000000546 8
57.500000000000547 9
57.600000000000549 9
57.70000000000055 9
57.800000000000551 10
57.900000000000553 12
58.000000000000554 11
58.100000000000556 11
58.200000000000557 11
58.300000000000558 12
58.40000000000056 13
58.500000000000561 13
58.600000000000563 13
58.700000000000564 13
58.800000000000566 14
58.900000000000567 13
59.000000000000568 14
59.10000000000057 14
59.200000000000571 14
59.300000000000573 15
59.400000000000574 16
59.500000000000576 16
59.600000000000577 16
59.700000000000578 16
59.80000000000058 17
59.900000000000581 17
60.000000000000583 18
60.100000000000584 18
60.200000000000585 18
60.300000000000587 18
60.400000000000588 18
60.50000000000059 18
60.600000000000591 18
60.700000000000593 18
60.800000000000594 18
60.900000000000595 18
61.000000000000597 18
61.100000000000598 16
61.2000000000006 11
61.300000000000601 4
61.400000000000603 0
61.500000000000604 0
61.600000000000605 1
61.700000000000607 0
61.800000000000608 0
61.90000000000061 0
62.000000000000611 0
62.100000000000612 0
62.200000000000614 0
62.300000000000615 0
62.400000000000617 0
62.500000000000618 1
62.60000000000062 1
62.700000000000621 0
62.800000000000622 0
62.900000000000624 0
63.000000000000625 0
63.100000000000627 0
63.200000000000628 0
63.30000000000063 3
63.400000000000631 0
63.500000000000632 1
63.600000000000634 0
63.700000000000635 2
63.800000000000637 3
63.900000000000638 1
64.000000000000639 0
64.100000000000634 2
64.200000000000628 4
64.300000000000622 1
64.400000000000617 1
64.500000000000611 4
64.600000000000605 4
64.7000000000006 4
64.800000000000594 5
64.900000000000588 4
65.000000000000583 4
65.100000000000577 6
65.200000000000571 6
65.300000000000566 7
65.40000000000056 7
65.500000000000554 7
65.600000000000549 8
65.700000000000543 9
65.800000000000537 9
65.900000000000531 10
66.000000000000526 10
66.10000000000052 10
66.200000000000514 11
66.300000000000509 12
66.400000000000503 12
66.500000000000497 12
66.600000000000492 13
66.700000000000486 12
66.80000000000048 13
66.900000000000475 13
67.000000000000469 14
67.100000000000463 15
67.200000000000458 15
67.300000000000452 14
67.400000000000446 15
67.500000000000441 16
67.600000000000435 15
67.700000000000429 17
67.800000000000423 17
67.900000000000418 16
68.000000000000412 17
68.100000000000406 18
68.200000000000401 18
68.300000000000395 19
68.400000000000389 18
68.500000000000384 18
68.600000000000378 18
68.700000000000372 18
68.800000000000367 17
68.900000000000361 19
69.000000000000355 18
69.10000000000035 17
69.200000000000344 16
69.300000000000338 13
69.400000000000333 10
69.500000000000327 7
69.600000000000321 6
69.700000000000315 4
69.80000000000031 0
69.900000000000304 2
70.000000000000298 2
70.100000000000293 2
70.200000000000287 1
70.300000000000281 3
70.400000000000276 4
70.50000000000027 2
70.600000000000264 4
70.700000000000259 6
70.800000000000253 5
70.900000000000247 5
71.000000000000242 6
71.100000000000236 6
71.20000000000023 6
71.300000000000225 7
71.400000000000219 8
71.500000000000213 8
71.600000000000207 9
71.700000000000202 8
71.800000000000196 9
71.90000000000019 10
72.000000000000185 10
72.100000000000179 9
72.200000000000173 11
72.300000000000168 11
72.400000000000162 12
72.500000000000156 13
72.600000000000151 11
72.700000000000145 13
72.800000000000139 13
72.900000000000134 13
73.000000000000128 14
73.100000000000122 13
73.200000000000117 15
73.300000000000111 15
73.400000000000105 16
73.500000000000099 16
73.600000000000094 16
73.700000000000088 16
73.800000000000082 17
73.900000000000077 18
74.000000000000071 18
74.100000000000065 18
74.20000000000006 18
74.300000000000054 17
74.400000000000048 19
74.500000000000043 18
74.600000000000037 18
74.700000000000031 18
74.800000000000026 17
74.90000000000002 19
75.000000000000014 17
75.100000000000009 18
75.200000000000003 17
75.299999999999997 11
75.399999999999991 5
75.499999999999986 0
75.59999999999998 0
75.699999999999974 1
75.799999999999969 0
75.899999999999963 0
75.999999999999957 0
76.099999999999952 0
76.199999999999946 0
76.29999999999994 0
76.399999999999935 0
76.499999999999929 0
76.599999999999923 0
76.699999999999918 0
76.799999999999912 0
76.899999999999906 0
76.999999999999901 1
77.099999999999895 0
77.199999999999889 0
77.299999999999883 2
77.399999999999878 2
77.499999999999872 0
77.599999999999866 1
77.699999999999861 0
77.799999999999855 1
77.899999999999849 1
77.999999999999844 1
78.099999999999838 0
78.199999999999832 2
78.299999999999827 2
78.399999999999821 2
78.499999999999815 3
78.59999999999981 6
78.699999999999804 4
78.799999999999798 4
78.899999999999793 6
78.999999999999787 7
79.099999999999781 6
79.199999999999775 6
79.29999999999977 8
79.399999999999764 8
79.499999999999758 8
79.599999999999753 8
79.699999999999747 8
79.799999999999741 11
79.899999999999736 11
79.99999999999973 10
80.099999999999724 10
80.199999999999719 8
80.299999999999713 6
80.399999999999707 1
80.499999999999702 0
80.599999999999696 0
80.69999999999969 0
80.799999999999685 1
80.899999999999679 1
80.999999999999673 1
81.099999999999667 2
81.199999999999662 2
81.299999999999656 2
81.39999999999965 2
81.499999999999645 3
81.599999999999639 3
81.699999999999633 3
81.799999999999628 3
81.899999999999622 4
81.999999999999616 4
82.099999999999611 4
82.199999999999605 4
82.299999999999599 5
82.399999999999594 5
82.499999999999588 5
82.599999999999582 5
82.699999999999577 6
82.799999999999571 6
82.899999999999565 6
82.999999999999559 6
83.099999999999554 6
83.199999999999548 7
83.299999999999542 7
83.399999999999537 7
83.499999999999531 7
83.599999999999525 8
83.69999999999952 8
83.799999999999514 8
83.899999999999508 8
83.999999999999503 8
84.099999999999497 9
84.199999999999491 9
84.299999999999486 10
84.39999999999948 9
84.499999999999474 10
84.599999999999469 11
84.699999999999463 10
84.799999999999457 10
84.899999999999451 11
84.999999999999446 11
85.09999999999944 11
85.199999999999434 12
85.299999999999429 11
85.399999999999423 11
85.499999999999417 12
85.599999999999412 12
85.699999999999406 12
85.7999999999994 13
85.899999999999395 12
85.999999999999389 12
86.099999999999383 14
86.199999999999378 13
86.299999999999372 13
86.399999999999366 14
86.499999999999361 13
86.599999999999355 14
86.699999999999349 15
86.799999999999343 14
86.899999999999338 14
86.999999999999332 15
87.099999999999326 14
87.199999999999321 15
87.299999999999315 16
87.399999999999309 15
87.499999999999304 15
87.599999999999298 16
87.699999999999292 15
87.799999999999287 16
87.899999999999281 17
87.999999999999275 16
88.09999999999927 16
88.199999999999264 17
88.299999999999258 16
88.399999999999253 17
88.499999999999247 18
88.599999999999241 17
88.699999999999235 17
88.79999999999923 18
88.899999999999224 17
88.999999999999218 18
89.099999999999213 19
89.199999999999207 18
89.299999999999201 18
89.399999999999196 19
89.49999999999919 18
89.599999999999184 18
89.699999999999179 19
89.799999999999173 18
89.899999999999167 18
89.999999999999162 19
90.099999999999156 18
90.19999999999915 18
90.299999999999145 14
90.399999999999139 7
90.499999999999133 1
90.599999999999127 0
90.699999999999122 0
90.799999999999116 0
90.89999999999911 0
90.999999999999105 0
91.099999999999099 0
91.199999999999093 0
91.299999999999088 0
91.399999999999082 0
91.499999999999076 0
91.599999999999071 0
91.699999999999065 0
91.799999999999059 0
91.899999999999054 0
91.999999999999048 0
92.099999999999042 0
92.199999999999037 0
92.299999999999031 0
92.399999999999025 0
92.499999999999019 0
92.599999999999014 0
92.699999999999008 0
92.799999999999002 3
92.899999999998997 0
92.999999999998991 0
93.099999999998985 2
93.19999999999898 1
93.299999999998974 0
93.399999999998968 0
93.499999999998963 1
93.599999999998957 0
93.699999999998951 0
93.799999999998946 0
93.89999999999894 0
93.999999999998934 0
94.099999999998929 0
94.199999999998923 1
94.299999999998917 0
94.399999999998911 0
94.499999999998906 0
94.5999999999989 0
94.699999999998894 0
94.799999999998889 0
94.899999999998883 1
94.999999999998877 0
95.099999999998872 0
95.199999999998866 0
95.29999999999886 0
95.399999999998855 0
95.499999999998849 0
95.599999999998843 1
95.699999999998838 0
95.799999999998832 0
95.899999999998826 0
95.99999999999882 0
96.099999999998815 0
96.199999999998809 0
96.299999999998803 1
96.399999999998798 0
96.499999999998792 0
96.599999999998786 0
96.699999999998781 0
96.799999999998775 0
96.899999999998769 0
96.999999999998764 1
97.099999999998758 0
97.199999999998752 0
97.299999999998747 0
97.399999999998741 1
97.499999999998735 1
97.59999999999873 1
97.699999999998724 2
97.799999999998718 2
97.899999999998712 2
97.999999999998707 2
98.099999999998701 3
98.199999999998695 3
98.29999999999869 3
98.399999999998684 3
98.499999999998678 4
98.599999999998673 4
98.699999999998667 4
98.799999999998661 4
98.899999999998656 5
98.99999999999865 5
99.099999999998644 5
99.199999999998639 5
99.299999999998633 6
99.399999999998627 6
99.499999999998622 6
99.599999999998616 6
99.69999999999861 6
99.799999999998604 7
99.899999999998599 7
99.999999999998593 7
100.09999999999859 7
100.19999999999858 8
100.29999999999858 8
100.39999999999857 8
100.49999999999856 8
100.59999999999856 8
100.69999999999855 9
100.79999999999855 9
100.89999999999854 9
100.99999999999854 9
101.09999999999853 10
101.19999999999852 10
101.29999999999852 10
101.39999999999851 10
101.49999999999851 10
101.5999999999985 11
101.6999999999985 11
101.79999999999849 11
101.89999999999849 11
101.99999999999848 11
102.09999999999847 11
102.19999999999847 12
102.29999999999846 12
102.39999999999846 12
102.49999999999845 12
102.59999999999845 12
102.69999999999844 13
102.79999999999843 13
102.89999999999843 13
102.99999999999842 13
103.09999999999842 13
103.19999999999841 14
103.29999999999841 14
103.3999999999984 14
103.49999999999839 14
103.59999999999839 14
103.69999999999838 14
103.79999999999838 15
103.89999999999837 15
103.99999999999837 15
104.09999999999836 15
104.19999999999835 15
104.29999999999835 15
104.39999999999834 16
104.49999999999834 16
104.59999999999833 16
104.69999999999833 16
104.79999999999832 16
104.89999999999831 16
104.99999999999831 17
105.0999999999983 17
105.1999999999983 17
105.29999999999829 17
105.39999999999829 17
105.49999999999828 17
105.59999999999827 18
105.69999999999827 18
105.79999999999826 18
105.89999999999826 18
105.99999999999825 18
106.09999999999825 18
106.19999999999824 18
106.29999999999824 18
106.39999999999823 18
106.49999999999822 18
106.59999999999822 18
106.69999999999821 18
106.79999999999821 18
106.8999999999982 14
106.9999999999982 7
107.09999999999819 1
107.19999999999818 0
107.29999999999818 0
107.39999999999817 0
107.49999999999817 0
107.59999999999816 0
107.69999999999816 0
107.79999999999815 0
107.89999999999814 0
107.99999999999814 0
108.09999999999813 0
108.19999999999813 0
108.29999999999812 0
108.39999999999812 0
108.49999999999811 0
108.5999999999981 0
108.6999999999981 0
108.79999999999809 0
108.89999999999809 0
108.99999999999808 0
109.09999999999808 0
109.19999999999807 0
109.29999999999806 0
109.39999999999806 2
109.49999999999805 0
109.59999999999805 0
109.69999999999804 0
109.79999999999804 2
109.89999999999803 0
109.99999999999802 0
110.09999999999802 1
110.19999999999801 0
110.29999999999801 0
110.399999999998 0
110.499999999998 1
110.59999999999799 0
110.69999999999798 0
110.79999999999798 0
110.89999999999797 0
110.99999999999797 0
111.09999999999796 0
111.19999999999796 1
111.29999999999795 0
111.39999999999795 0
111.49999999999794 0
111.59999999999793 0
111.69999999999793 0
111.79999999999792 0
111.89999999999792 1
111.99999999999791 0
112.09999999999791 0
112.1999999999979 0
112.29999999999789 0
112.39999999999789 0
112.49999999999788 0
112.59999999999788 1
112.69999999999787 0
112.79999999999787 0
112.89999999999786 0
112.99999999999785 0
113.09999999999785 0
113.19999999999784 0
113.29999999999784 0
113.39999999999783 0
113.49999999999783 0
113.59999999999782 0
113.69999999999781 0
113.79999999999781 0
113.8999999999978 0
113.9999999999978 1
114.09999999999779 1
114.19999999999779 1
114.29999999999778 1
114.39999999999777 2
114.49999999999777 2
114.59999999999776 2
114.69999999999776 2
114.79999999999775 3
114.89999999999775 3
114.99999999999774 3
115.09999999999773 4
115.19999999999773 4
115.29999999999772 4
115.39999999999772 4
115.49999999999771 5
115.59999999999771 5
115.6999999999977 5
115.79999999999769 5
115.89999999999769 5
115.99999999999768 6
116.09999999999768 6
116.19999999999767 6
116.29999999999767 6
116.39999999999766 7
116.49999999999766 7
116.59999999999765 7
116.69999999999764 7
116.79999999999764 8
116.89999999999763 8
116.99999999999763 8
117.09999999999762 8
117.19999999999762 8
117.29999999999761 9
117.3999999999976 9
117.4999999999976 9
117.59999999999759 9
117.69999999999759 9
117.79999999999758 10
117.89999999999758 10
117.99999999999757 11
118.09999999999756 10
118.19999999999756 10
118.29999999999755 12
118.39999999999755 11
118.49999999999754 11
118.59999999999754 12
118.69999999999753 11
118.79999999999752 12
118.89999999999752 13
118.99999999999751 12
119.09999999999751 12
119.1999999999975 13
119.2999999999975 13
119.39999999999749 13
119.49999999999748 14
119.59999999999748 13
119.69999999999747 13
119.79999999999747 14
119.89999999999746 14
119.99999999999746 14
120.09999999999745 15
120.19999999999744 14
120.29999999999744 14
120.39999999999743 16
120.49999999999743 15
120.59999999999742 15
120.69999999999742 16
120.79999999999741 15
120.89999999999741 15
120.9999999999974 17
121.09999999999739 16
121.19999999999739 16
121.29999999999738 17
121.39999999999738 16
121.49999999999737 16
121.59999999999737 18
121.69999999999736 17
121.79999999999735 17
121.89999999999735 18
121.99999999999734 17
122.09999999999734 17
122.19999999999733 19
122.29999999999733 18
122.39999999999732 18
122.49999999999731 19
122.59999999999731 18
122.6999999999973 18
122.7999999999973 19
122.89999999999729 18
122.99999999999729 18
123.09999999999728 19
123.19999999999727 18
123.29999999999727 18
123.39999999999726 19
123.49999999999726 16
123.59999999999725 10
123.69999999999725 4
123.79999999999724 0
123.89999999999723 0
123.99999999999723 0
124.09999999999722 0
124.19999999999722 0
124.29999999999721 0
124.39999999999721 0
124.4999999999972 0
124.59999999999719 0
124.69999999999719 0
124.79999999999718 0
124.89999999999718 0
124.99999999999717 0
