0.10000000000000001 1
0.20000000000000001 1
0.30000000000000004 1
0.40000000000000002 1
0.5 1
0.59999999999999998 1
0.69999999999999996 1
0.79999999999999993 1
0.89999999999999991 1
0.99999999999999989 1
1.0999999999999999 1
1.2 1
1.3 1
1.4000000000000001 2
1.5000000000000002 2
1.6000000000000003 2
1.7000000000000004 4
1.8000000000000005 4
1.9000000000000006 4
2.0000000000000004 6
2.1000000000000005 8
2.2000000000000006 8
2.3000000000000007 8
2.4000000000000008 8
2.5000000000000009 8
2.600000000000001 12
2.7000000000000011 14
2.8000000000000012 14
2.9000000000000012 14
3.0000000000000013 14
3.1000000000000014 14
3.2000000000000015 7
3.3000000000000016 7
3.4000000000000017 7
3.5000000000000018 7.14286
3.6000000000000019 7.14286
3.700000000000002 7.14286
3.800000000000002 7.14286
3.9000000000000021 7.14286
4.0000000000000018 7.14286
4.1000000000000014 7.14286
4.2000000000000011 7.14286
4.3000000000000007 7.14286
4.4000000000000004 1
4.5 1
4.5999999999999996 1
4.6999999999999993 2
4.7999999999999989 2
4.8999999999999986 2
4.9999999999999982 3
5.0999999999999979 3
5.1999999999999975 3
5.2999999999999972 3
5.3999999999999968 3.33333
5.4999999999999964 3.33333
5.5999999999999961 3.33333
5.6999999999999957 4.16441
5.7999999999999954 4.63158
5.899999999999995 4.63158
5.9999999999999947 4.63158
6.0999999999999943 5.25165
6.199999999999994 5.44207
6.2999999999999936 5.44207
6.3999999999999932 5.80357
6.4999999999999929 6.306
6.5999999999999925 6.306
6.6999999999999922 6.306
6.7999999999999918 6.77034
6.8999999999999915 7.0626
6.9999999999999911 7.20419
7.0999999999999908 7.20419
7.1999999999999904 7.61288
7.2999999999999901 7.74424
7.3999999999999897 8.12537
7.4999999999999893 8.12537
7.599999999999989 8.24844
7.6999999999999886 8.48916
7.7999999999999883 8.95093
7.8999999999999879 9.06265
7.9999999999999876 9.06265
8.0999999999999872 9.28201
8.1999999999999869 9.38974
8.2999999999999865 9.80873
8.3999999999999861 10.0116
8.4999999999999858 10.0116
8.5999999999999854 10.2104
8.6999999999999851 10.3083
8.7999999999999847 10.691
8.8999999999999844 10.9692
8.999999999999984 10.9692
9.0999999999999837 11.0604
9.1999999999999833 11.2405
9.2999999999999829 11.4177
9.3999999999999826 11.7641
9.4999999999999822 11.8491
9.5999999999999819 11.8491
9.6999999999999815 12.1005
9.7999999999999812 12.1831
9.8999999999999808 12.4277
9.9999999999999805 12.7465
10.09999999999998 12.7465
10.19999999999998 12.7465
10.299999999999979 13.0575
10.399999999999979 13.1341
10.499999999999979 13.2859
10.599999999999978 13.5845
10.699999999999978 13.6581
10.799999999999978 13.6581
10.899999999999977 13.9486
10.999999999999977 14.0203
11.099999999999977 14.0203
11.199999999999976 7.01017
11.299999999999976 7.01017
11.399999999999975 7.01017
11.499999999999975 7.01017
11.599999999999975 7.01017
11.699999999999974 7.01017
11.799999999999974 7.15282
11.899999999999974 7.69654
11.999999999999973 7.69654
12.099999999999973 8.07996
12.199999999999973 8.44573
12.299999999999972 8.56413
12.399999999999972 9.02202
12.499999999999972 9.13286
12.599999999999971 9.45749
12.699999999999971 9.6678
12.799999999999971 9.97486
12.89999999999997 10.37
12.99999999999997 10.4664
13.099999999999969 10.8435
13.199999999999969 11.2078
13.299999999999969 11.297
13.399999999999968 11.647
13.499999999999968 11.9868
13.599999999999968 12.2353
13.699999999999967 12.317
13.799999999999967 12.7178
13.899999999999967 13.1825
13.999999999999966 13.1825
14.099999999999966 13.4088
14.199999999999966 13.8502
14.299999999999965 14.1368
14.399999999999965 14.1368
14.499999999999964 14.556
14.599999999999964 15.0303
14.699999999999964 15.0968
14.799999999999963 15.229
14.899999999999963 15.6828
14.999999999999963 15.9991
15.099999999999962 16.0616
15.199999999999962 16.3092
15.299999999999962 16.6737
15.399999999999961 16.853
15.499999999999961 17.0304
15.599999999999961 17.2059
15.69999999999996 17.5518
15.79999999999996 17.7221
15.899999999999959 17.9468
15.999999999999959 18.0025
16.099999999999959 18.3878
16.19999999999996 18.6044
16.299999999999962 18.7117
16.399999999999963 18.9774
16.499999999999964 19.0827
16.599999999999966 19.395
16.699999999999967 19.5492
16.799999999999969 19.6514
16.89999999999997 19.8542
16.999999999999972 20.0549
17.099999999999973 20.303
17.199999999999974 20.4504
17.299999999999976 20.5481
17.399999999999977 20.742
17.499999999999979 20.8863
17.59999999999998 21.2192
17.699999999999982 21.3603
17.799999999999983 21.4538
17.899999999999984 21.5933
17.999999999999986 21.732
18.099999999999987 21.9611
18.199999999999989 22.1878
18.29999999999999 22.3228
18.399999999999991 22.4123
18.499999999999993 22.5458
18.599999999999994 22.6786
18.699999999999996 22.9419
18.799999999999997 23.1591
18.899999999999999 23.2884
19 23.3742
19.100000000000001 23.5023
19.200000000000003 23.6297
19.300000000000004 23.8825
19.400000000000006 24.0079
19.500000000000007 12.0039
19.600000000000009 12.0039
19.70000000000001 12.0039
19.800000000000011 12.0039
19.900000000000013 12.0039
20.000000000000014 12.0872
20.100000000000016 12.0872
20.200000000000017 12.4954
20.300000000000018 12.9681
20.40000000000002 13.0452
20.500000000000021 13.1981
20.600000000000023 13.7196
20.700000000000024 14.0089
20.800000000000026 14.0089
20.900000000000027 14.3623
21.000000000000028 14.6388
21.10000000000003 14.9101
21.200000000000031 14.9772
21.300000000000033 15.3081
21.400000000000034 15.5678
21.500000000000036 15.8231
21.600000000000037 15.8863
21.700000000000038 16.1366
21.80000000000004 16.4442
21.900000000000041 16.5656
22.000000000000043 16.8057
22.100000000000044 16.9245
22.200000000000045 17.276
22.300000000000047 17.4491
22.400000000000048 17.5635
22.50000000000005 17.7337
22.600000000000051 17.9024
22.700000000000053 18.235
22.800000000000054 18.399
22.900000000000055 18.4533
23.000000000000057 18.6692
23.100000000000058 18.8294
23.20000000000006 19.0934
23.300000000000061 19.3021
23.400000000000063 19.3539
23.500000000000064 19.5085
23.600000000000065 19.6619
23.700000000000067 19.9651
23.800000000000068 20.115
23.90000000000007 20.3131
24.000000000000071 20.3131
24.100000000000072 20.5093
24.200000000000074 20.7036
24.300000000000075 20.944
24.400000000000077 21.1344
24.500000000000078 21.276
24.60000000000008 21.276
24.700000000000081 21.4167
24.800000000000082 21.6491
24.900000000000084 21.8791
25.000000000000085 22.016
25.100000000000087 11.008
25.200000000000088 11.008
25.30000000000009 11.008
25.400000000000091 11.008
25.500000000000092 11.008
25.600000000000094 11.008
25.700000000000095 11.0988
25.800000000000097 11.0988
25.900000000000098 11.6289
26.000000000000099 11.885
26.100000000000101 12.0527
26.200000000000102 12.3812
26.300000000000104 12.7799
26.400000000000105 13.0132
26.500000000000107 13.1664
26.600000000000108 13.6158
26.700000000000109 13.8349
26.800000000000111 13.9791
26.900000000000112 14.403
27.000000000000114 14.6103
27.100000000000115 14.8821
27.200000000000117 15.1491
27.300000000000118 15.541
27.400000000000119 15.7968
27.500000000000121 15.9859
27.600000000000122 16.3577
27.700000000000124 16.4797
27.800000000000125 16.7809
27.900000000000126 17.1353
28.000000000000128 17.3676
28.100000000000129 17.5968
28.200000000000131 17.935
28.300000000000132 18.2121
28.400000000000134 18.3217
28.500000000000135 18.6468
28.600000000000136 18.9663
28.700000000000138 19.2285
28.800000000000139 19.2805
28.900000000000141 19.5896
29.000000000000142 19.9442
29.100000000000144 20.144
29.200000000000145 20.1937
29.300000000000146 20.489
29.400000000000148 20.7801
29.500000000000149 21.0196
29.600000000000151 21.162
29.700000000000152 21.2564
29.800000000000153 21.5371
29.900000000000155 21.8142
30.000000000000156 21.997
30.100000000000158 22.1331
30.200000000000159 22.2684
30.300000000000161 22.5365
30.400000000000162 22.7575
30.500000000000163 22.9328
30.600000000000165 23.1067
30.700000000000166 23.15
30.800000000000168 23.4507
30.900000000000169 23.6631
31.000000000000171 23.8317
31.100000000000172 23.9991
31.200000000000173 24.0824
31.300000000000175 24.2893
31.400000000000176 24.5353
31.500000000000178 24.6979
31.600000000000179 24.8192
31.70000000000018 25.02
31.800000000000182 25.0998
31.900000000000183 25.3379
32.000000000000185 25.4954
32.100000000000186 25.652
32.200000000000188 25.8075
32.300000000000189 25.9622
32.40000000000019 26.0776
32.500000000000192 26.3068
32.600000000000193 26.4585
32.700000000000195 26.5718
32.800000000000196 26.722
32.900000000000198 26.9086
33.000000000000199 26.9828
33.1000000000002 13.4914
33.200000000000202 13.4914
33.300000000000203 13.4914
33.400000000000205 13.4914
33.500000000000206 13.4914
33.600000000000207 13.5655
33.700000000000209 13.858
33.80000000000021 14.2152
33.900000000000212 14.4945
34.000000000000213 14.6322
34.100000000000215 15.0375
34.200000000000216 15.3018
34.300000000000217 15.4322
34.400000000000219 15.6898
34.50000000000022 16.0059
34.600000000000222 16.3159
34.700000000000223 16.3772
34.800000000000225 16.6201
34.900000000000226 16.9779
35.000000000000227 17.2123
35.100000000000229 17.3283
35.20000000000023 17.5008
35.300000000000232 17.7847
35.400000000000233 18.0641
35.500000000000234 18.2296
35.600000000000236 18.2845
35.700000000000237 18.5563
35.800000000000239 18.8774
35.90000000000024 19.0358
36.000000000000242 19.193
36.100000000000243 19.2451
36.200000000000244 19.5035
36.300000000000246 19.7586
36.400000000000247 20.0103
36.500000000000249 20.1599
36.60000000000025 20.2095
36.700000000000252 20.4067
36.800000000000253 20.6505
36.900000000000254 20.8436
37.000000000000256 21.0348
37.100000000000257 21.1771
37.200000000000259 21.2243
37.30000000000026 21.5055
37.400000000000261 21.6909
37.500000000000263 21.8747
37.600000000000264 22.057
37.700000000000266 22.1476
37.800000000000267 22.2378
37.900000000000269 22.4617
38.00000000000027 22.6393
38.100000000000271 22.8154
38.200000000000273 22.9903
38.300000000000274 23.1205
38.400000000000276 23.1638
38.500000000000277 11.5819
38.600000000000279 11.5819
38.70000000000028 11.5819
38.800000000000281 11.5819
38.900000000000283 11.5819
39.000000000000284 11.5819
39.100000000000286 11.6682
39.200000000000287 11.6682
39.300000000000288 11.6682
39.40000000000029 11.6682
39.500000000000291 11.6682
39.600000000000293 11.6682
39.700000000000294 11.6682
39.800000000000296 11.6682
39.900000000000297 11.6682
40.000000000000298 1
40.1000000000003 1
40.200000000000301 1
40.300000000000303 2
40.400000000000304 2
40.500000000000306 2
40.600000000000307 2
40.700000000000308 4
40.80000000000031 4
40.900000000000311 4
41.000000000000313 5.39231
41.100000000000314 5.57776
41.200000000000315 5.57776
41.300000000000317 5.93074
41.400000000000318 6.42297
41.50000000000032 6.42297
41.600000000000321 6.42297
41.700000000000323 7.16696
41.800000000000324 7.30649
41.900000000000325 7.30649
42.000000000000327 7.70967
42.100000000000328 8.21603
42.20000000000033 8.21603
42.300000000000331 8.21603
42.400000000000333 8.69252
42.500000000000334 9.14389
42.600000000000335 9.14389
42.700000000000337 9.14389
42.800000000000338 9.57377
42.90000000000034 9.98495
43.000000000000341 10.0851
43.100000000000342 10.0851
43.200000000000344 10.3797
43.300000000000345 10.7599
43.400000000000347 11.0363
43.500000000000348 11.0363
43.60000000000035 11.0363
43.700000000000351 11.3944
43.800000000000352 11.7415
43.900000000000354 11.9951
44.000000000000355 11.9951
44.100000000000357 11.9951
44.200000000000358 12.3252
44.30000000000036 12.6466
44.400000000000361 12.8824
44.500000000000362 12.8824
44.600000000000364 12.8824
44.700000000000365 13.1901
44.800000000000367 13.4908
44.900000000000368 13.7849
45.000000000000369 13.7849
45.100000000000371 13.7849
45.200000000000372 14.0014
45.300000000000374 14.2146
45.400000000000375 14.4939
45.500000000000377 14.6999
45.600000000000378 14.6999
45.700000000000379 14.6999
45.800000000000381 14.9702
45.900000000000382 15.2356
46.000000000000384 15.4317
46.100000000000385 15.6253
46.200000000000387 15.6253
46.300000000000388 15.6253
46.400000000000389 15.8797
46.500000000000391 16.0054
46.600000000000392 8.0027
46.700000000000394 8.0027
46.800000000000395 8.0027
46.900000000000396 8.0027
47.000000000000398 8.0027
47.100000000000399 8.0027
47.200000000000401 8.12766
47.300000000000402 8.12766
47.400000000000404 8.12766
47.500000000000405 8.12766
47.600000000000406 8.12766
47.700000000000408 8.12766
47.800000000000409 8.12766
47.900000000000411 8.12766
48.000000000000412 8.12766
48.100000000000414 1
48.200000000000415 1
48.300000000000416 1
48.400000000000418 2
48.500000000000419 2
48.600000000000421 2
48.700000000000422 2
48.800000000000423 4
48.900000000000425 4
49.000000000000426 4
49.100000000000428 4.70824
49.200000000000429 4.92064
49.300000000000431 4.92064
49.400000000000432 5.12386
49.500000000000433 5.68862
49.600000000000435 5.68862
49.700000000000436 5.68862
49.800000000000438 6.36191
49.900000000000439 6.51909
50.000000000000441 6.51909
50.100000000000442 6.51909
50.200000000000443 7.11243
50.300000000000445 7.3909
50.400000000000446 7.3909
50.500000000000448 7.3909
50.600000000000449 7.78963
50.70000000000045 8.29104
50.800000000000452 8.29104
50.900000000000453 8.29104
51.000000000000455 8.53053
51.100000000000456 8.99015
51.200000000000458 9.21125
51.300000000000459 9.21125
51.40000000000046 9.21125
51.500000000000462 9.42712
51.600000000000463 9.84449
51.700000000000465 10.1462
51.800000000000466 10.1462
51.900000000000468 10.1462
52.000000000000469 10.3423
52.10000000000047 10.6297
52.200000000000472 11.0921
52.300000000000473 11.0921
52.400000000000475 11.0921
52.500000000000476 11.0921
52.600000000000477 11.4484
52.700000000000479 11.7939
52.80000000000048 12.0464
52.900000000000482 12.0464
53.000000000000483 12.0464
53.100000000000485 12.1295
53.200000000000486 12.4559
53.300000000000487 12.774
53.400000000000489 13.0075
53.50000000000049 13.0075
53.600000000000492 13.0075
53.700000000000493 13.0843
53.800000000000495 13.3123
53.900000000000496 13.6103
54.000000000000497 13.9737
54.100000000000499 13.9737
54.2000000000005 13.9737
54.300000000000502 13.9737
54.400000000000503 14.2578
54.500000000000504 14.5363
54.600000000000506 14.8096
54.700000000000507 14.8771
54.800000000000509 15.1442
54.90000000000051 15.4066
55.000000000000512 15.6646
55.100000000000513 15.9812
55.200000000000514 16.2917
55.300000000000516 16.5359
55.400000000000517 16.7764
55.500000000000519 17.1893
55.60000000000052 17.4209
55.700000000000522 17.6494
55.800000000000523 17.9866
55.900000000000524 18.2629
56.000000000000526 18.5351
56.100000000000527 18.8033
56.200000000000529 19.1201
56.30000000000053 19.3802
56.400000000000531 19.6369
56.500000000000533 19.9906
56.600000000000534 20.19
56.700000000000536 20.3874
56.800000000000537 20.7283
56.900000000000539 21.0161
57.00000000000054 21.1111
57.100000000000541 21.3469
57.200000000000543 21.6264
57.300000000000544 21.9024
57.400000000000546 22.0845
57.500000000000547 22.1749
57.600000000000549 22.4442
57.70000000000055 22.7542
57.800000000000551 22.9295
57.900000000000553 23.0601
58.000000000000554 23.2331
58.100000000000556 23.4901
58.200000000000557 23.7444
58.300000000000558 23.9124
58.40000000000056 24.0377
58.500000000000561 24.1622
58.600000000000563 24.4505
58.700000000000564 24.6949
58.800000000000566 24.8161
58.900000000000567 24.9769
59.000000000000568 25.0569
59.10000000000057 25.2955
59.200000000000571 25.5709
59.300000000000573 25.727
59.400000000000574 25.8434
59.500000000000576 25.9978
59.600000000000577 26.1514
59.700000000000578 26.38
59.80000000000058 26.569
59.900000000000581 26.7192
60.000000000000583 26.8313
60.100000000000584 26.943
60.200000000000585 27.1649
60.300000000000587 27.385
60.400000000000588 27.4944
60.50000000000059 27.6396
60.600000000000591 27.748
60.700000000000593 27.8919
60.800000000000594 28.1063
60.900000000000595 28.3191
61.000000000000597 28.3897
61.100000000000598 14.1949
61.2000000000006 14.1949
61.300000000000601 14.1949
61.400000000000603 14.1949
61.500000000000604 14.1949
61.600000000000605 14.1949
61.700000000000607 14.2653
61.800000000000608 14.2653
61.90000000000061 14.2653
62.000000000000611 14.2653
62.100000000000612 14.2653
62.200000000000614 14.2653
62.300000000000615 14.2653
62.400000000000617 14.2653
62.500000000000618 14.2653
62.60000000000062 1
62.700000000000621 1
62.800000000000622 1
62.900000000000624 1
63.000000000000625 2
63.100000000000627 2
63.200000000000628 2
63.30000000000063 4
63.400000000000631 4
63.500000000000632 4
63.600000000000634 5
63.700000000000635 7.14286
63.800000000000637 7.14286
63.900000000000638 7.14286
64.000000000000639 7.81738
64.100000000000634 8.07116
64.200000000000628 8.07116
64.300000000000622 8.43732
64.400000000000617 8.90182
64.500000000000611 9.01415
64.600000000000605 9.01415
64.7000000000006 9.55582
64.800000000000594 9.96775
64.900000000000588 9.96775
65.000000000000583 10.0681
65.100000000000577 10.4597
65.200000000000571 10.837
65.300000000000566 10.837
65.40000000000056 10.9293
65.500000000000554 11.3793
65.600000000000549 11.641
65.700000000000543 11.7269
65.800000000000537 11.7269
65.900000000000531 12.0643
66.000000000000526 12.3925
66.10000000000052 12.6331
66.200000000000514 12.6331
66.300000000000509 12.7909
66.400000000000503 13.1008
66.500000000000497 13.4035
66.600000000000492 13.5523
66.700000000000486 13.5523
66.80000000000048 13.6995
66.900000000000475 13.9891
67.000000000000469 14.2729
67.100000000000463 14.4821
67.200000000000458 14.4821
67.300000000000452 14.5511
67.400000000000446 14.8241
67.500000000000441 15.0921
67.600000000000435 15.3554
67.700000000000429 15.4206
67.800000000000423 15.4206
67.900000000000418 15.6143
68.000000000000412 15.8689
68.100000000000406 16.1195
68.200000000000401 16.3049
68.300000000000395 16.3662
68.400000000000389 16.3662
68.500000000000384 16.5489
68.600000000000378 16.8488
68.700000000000372 17.0262
68.800000000000367 17.26
68.900000000000361 17.3179
69.000000000000355 17.3179
69.10000000000035 17.4906
69.200000000000344 17.7182
69.300000000000338 17.9428
69.400000000000333 17.9986
69.500000000000327 8.99929
69.600000000000321 8.99929
69.700000000000315 8.99929
69.80000000000031 8.99929
69.900000000000304 9.11041
70.000000000000298 9.11041
70.100000000000293 9.11041
70.200000000000287 9.85283
70.300000000000281 10.0548
70.400000000000276 10.0548
70.50000000000027 10.4469
70.600000000000264 10.8246
70.700000000000259 11.0086
70.800000000000253 11.0086
70.900000000000247 11.4556
71.000000000000242 11.8008
71.100000000000236 11.9697
71.20000000000023 11.9697
71.300000000000225 12.3818
71.400000000000219 12.6225
71.500000000000213 12.8587
71.600000000000207 12.8587
71.700000000000202 13.2429
71.800000000000196 13.3935
71.90000000000019 13.6897
72.000000000000185 13.7628
72.100000000000179 13.9796
72.200000000000173 14.1931
72.300000000000168 14.4035
72.400000000000162 14.6107
72.500000000000156 14.6792
72.600000000000151 14.9498
72.700000000000145 15.1496
72.800000000000139 15.2813
72.900000000000134 15.5414
73.000000000000128 15.6058
73.100000000000122 15.7972
73.200000000000117 16.0489
73.300000000000111 16.1733
73.400000000000105 16.3581
73.500000000000099 16.5408
73.600000000000094 16.6013
73.700000000000088 16.8409
73.800000000000082 17.0772
73.900000000000077 17.1357
74.000000000000071 17.3102
74.100000000000065 17.483
74.20000000000006 17.5972
74.300000000000054 17.8234
74.400000000000048 18.0468
74.500000000000043 18.1022
74.600000000000037 18.2674
74.700000000000031 18.4311
74.800000000000026 18.5395
74.90000000000002 18.7543
75.000000000000014 18.9667
75.100000000000009 19.0194
75.200000000000003 19.0194
75.299999999999997 9.5097
75.399999999999991 9.5097
75.499999999999986 9.5097
75.59999999999998 9.5097
75.699999999999974 9.5097
75.799999999999969 9.61486
75.899999999999963 9.82176
75.999999999999957 10.2229
76.099999999999952 10.3207
76.199999999999946 10.6087
76.29999999999994 10.9808
76.399999999999935 11.1622
76.499999999999929 11.4289
76.599999999999923 11.6894
76.699999999999918 12.111
76.799999999999912 12.3571
76.899999999999906 12.5184
76.999999999999901 12.9903
77.099999999999895 13.2199
77.199999999999889 13.3707
77.299999999999883 13.6674
77.399999999999878 14.0294
77.499999999999872 14.2422
77.599999999999866 14.3823
77.699999999999861 14.7945
77.799999999999855 15.1956
77.899999999999849 15.2614
77.999999999999844 15.5862
78.099999999999838 15.9673
78.199999999999832 16.2164
78.299999999999827 16.3394
78.399999999999821 16.7632
78.499999999999815 17.118
78.59999999999981 17.1764
78.699999999999804 17.4655
78.799999999999798 17.8063
78.899999999999793 18.0853
78.999999999999787 18.1406
79.099999999999781 18.4146
79.199999999999775 18.7381
79.29999999999977 19.0034
79.399999999999764 19.1085
79.499999999999758 19.2651
79.599999999999753 19.6255
79.699999999999747 19.879
79.799999999999741 20.0295
79.899999999999736 20.0794
79.99999999999973 20.3764
80.099999999999724 20.6691
80.199999999999719 20.862
80.299999999999713 21.0055
80.399999999999707 21.0531
80.499999999999702 21.3833
80.599999999999696 21.6624
80.69999999999969 21.9379
80.799999999999685 22.255
80.899999999999679 22.5233
80.999999999999673 22.7884
81.099999999999667 23.0938
81.199999999999662 23.3524
81.299999999999656 23.6082
81.39999999999965 23.9031
81.499999999999645 24.153
81.599999999999639 24.4004
81.699999999999633 24.6858
81.799999999999628 24.9279
81.899999999999622 25.1676
81.999999999999616 25.4445
82.099999999999611 25.6794
82.199999999999605 25.9121
82.299999999999599 26.1811
82.399999999999594 26.4094
82.499999999999588 26.6358
82.599999999999582 26.8975
82.699999999999577 27.1198
82.799999999999571 27.3403
82.899999999999565 27.5953
82.999999999999559 27.812
83.099999999999554 28.0271
83.199999999999548 28.2759
83.299999999999542 28.4874
83.399999999999537 28.6974
83.499999999999531 28.9405
83.599999999999525 29.1472
83.69999999999952 29.3524
83.799999999999514 29.5901
83.899999999999508 29.7923
83.999999999999503 29.9931
84.099999999999497 30.2257
84.199999999999491 30.4237
84.299999999999486 30.6204
84.39999999999948 30.8482
84.499999999999474 31.0422
84.599999999999469 31.235
84.699999999999463 31.4584
84.799999999999457 31.6487
84.899999999999451 31.8378
84.999999999999446 32.057
85.09999999999944 32.2437
85.199999999999434 32.4294
85.299999999999429 32.6446
85.399999999999423 32.828
85.499999999999417 33.0103
85.599999999999412 33.2218
85.699999999999406 33.402
85.7999999999994 33.5812
85.899999999999395 33.7891
85.999999999999389 33.9663
86.099999999999383 34.1426
86.199999999999378 34.3471
86.299999999999372 34.5214
86.399999999999366 34.6948
86.499999999999361 34.8961
86.599999999999355 35.0677
86.699999999999349 35.2384
86.799999999999343 35.4366
86.899999999999338 35.6056
86.999999999999332 35.7738
87.099999999999326 35.969
87.199999999999321 36.1355
87.299999999999315 36.3012
87.399999999999309 36.4936
87.499999999999304 36.6577
87.599999999999298 36.8211
87.699999999999292 37.0108
87.799999999999287 37.1726
87.899999999999281 37.3337
87.999999999999275 37.5208
88.09999999999927 37.6804
88.199999999999264 37.8394
88.299999999999258 38.024
88.399999999999253 38.1815
88.499999999999247 38.3384
88.599999999999241 38.5206
88.699999999999235 38.6761
88.79999999999923 38.831
88.899999999999224 39.0109
88.999999999999218 39.1644
89.099999999999213 39.3174
89.199999999999207 39.4951
89.299999999999201 39.6468
89.399999999999196 39.7978
89.49999999999919 39.9734
89.599999999999184 40.1233
89.699999999999179 40.2726
89.799999999999173 40.4461
89.899999999999167 40.5942
89.999999999999162 40.7418
90.099999999999156 40.9133
90.19999999999915 41.011
90.299999999999145 20.5055
90.399999999999139 20.5055
90.499999999999133 20.5055
90.599999999999127 20.5055
90.699999999999122 20.5055
90.799999999999116 20.5055
90.89999999999911 20.5542
90.999999999999105 20.5542
91.099999999999099 20.5542
91.199999999999093 20.5542
91.299999999999088 20.5542
91.399999999999082 20.5542
91.499999999999076 20.5542
91.599999999999071 20.5542
91.699999999999065 20.5542
91.799999999999059 1
91.899999999999054 1
91.999999999999048 1
92.099999999999042 2
92.199999999999037 2
92.299999999999031 2
92.399999999999025 3
92.499999999999019 4
92.599999999999014 4
92.699999999999008 4
92.799999999999002 8
92.899999999998997 8
92.999999999998991 8
93.099999999998985 10.199
93.19999999999898 10.5857
93.299999999998974 10.5857
93.399999999998968 10.7738
93.499999999998963 11.3192
93.599999999998957 11.4952
93.699999999998951 11.4952
93.799999999998946 12.0077
93.89999999999894 12.4184
93.999999999998934 12.4184
94.099999999998929 12.7375
94.199999999998923 13.2772
94.299999999998917 13.3525
94.399999999998911 13.5019
94.499999999998906 14.0121
94.5999999999989 14.2954
94.699999999998894 14.3654
94.799999999998889 14.7781
94.899999999998883 15.1796
94.999999999998877 15.2454
95.099999999998872 15.5706
95.199999999998866 15.9521
95.29999999999886 16.2014
95.399999999998855 16.3858
95.499999999998849 16.8084
95.599999999998843 17.1622
95.699999999998838 17.2205
95.799999999998832 17.6229
95.899999999998826 17.9607
95.99999999999882 18.1272
96.099999999998815 18.4557
96.199999999998809 18.7785
96.299999999998803 19.0958
96.399999999998798 19.3044
96.499999999998792 19.6131
96.599999999998786 19.9673
96.699999999998781 20.1669
96.799999999998775 20.4626
96.899999999998769 20.8023
96.999999999998764 21.0415
97.099999999998758 21.372
97.199999999998752 21.6512
97.299999999998747 21.9269
97.399999999998741 22.2441
97.499999999998735 22.5125
97.59999999999873 22.7777
97.699999999998724 23.0833
97.799999999998718 23.342
97.899999999998712 23.5979
97.999999999998707 23.893
98.099999999998701 24.143
98.199999999998695 24.3904
98.29999999999869 24.676
98.399999999998684 24.9182
98.499999999998678 25.158
98.599999999998673 25.4349
98.699999999998667 25.6699
98.799999999998661 25.9028
98.899999999998656 26.1718
98.99999999999865 26.4002
99.099999999998644 26.6267
99.199999999998639 26.8885
99.299999999998633 27.1109
99.399999999998627 27.3314
99.499999999998622 27.5865
99.599999999998616 27.8033
99.69999999999861 28.0184
99.799999999998604 28.2673
99.899999999998599 28.4789
99.999999999998593 28.689
100.09999999999859 28.9321
100.19999999999858 29.1388
100.29999999999858 29.3441
100.39999999999857 29.5819
100.49999999999856 29.7841
100.59999999999856 29.985
100.69999999999855 30.2177
100.79999999999855 30.4157
100.89999999999854 30.6124
100.99999999999854 30.8404
101.09999999999853 31.0344
101.19999999999852 31.2272
101.29999999999852 31.4507
101.39999999999851 31.641
101.49999999999851 31.8302
101.5999999999985 32.0494
101.6999999999985 32.2362
101.79999999999849 32.4219
101.89999999999849 32.6372
101.99999999999848 32.8206
102.09999999999847 33.003
102.19999999999847 33.2145
102.29999999999846 33.3947
102.39999999999846 33.574
102.49999999999845 33.7819
102.59999999999845 33.9592
102.69999999999844 34.1355
102.79999999999843 34.34
102.89999999999843 34.5144
102.99999999999842 34.6878
103.09999999999842 34.8891
103.19999999999841 35.0608
103.29999999999841 35.2315
103.3999999999984 35.4298
103.49999999999839 35.5988
103.59999999999839 35.767
103.69999999999838 35.9622
103.79999999999838 36.1288
103.89999999999837 36.2945
103.99999999999837 36.4869
104.09999999999836 36.6511
104.19999999999835 36.8145
104.29999999999835 37.0042
104.39999999999834 37.166
104.49999999999834 37.3272
104.59999999999833 37.5143
104.69999999999833 37.674
104.79999999999832 37.833
104.89999999999831 38.0176
104.99999999999831 38.1751
105.0999999999983 38.332
105.1999999999983 38.5143
105.29999999999829 38.6698
105.39999999999829 38.8247
105.49999999999828 39.0047
105.59999999999827 39.1582
105.69999999999827 39.3112
105.79999999999826 39.4889
105.89999999999826 39.6406
105.99999999999825 39.7918
106.09999999999825 39.9673
106.19999999999824 40.1172
106.29999999999824 40.2666
106.39999999999823 40.4401
106.49999999999822 40.5882
106.59999999999822 40.7358
106.69999999999821 40.9073
106.79999999999821 41.005
106.8999999999982 20.5025
106.9999999999982 20.5025
107.09999999999819 20.5025
107.19999999999818 20.5025
107.29999999999818 20.5025
107.39999999999817 20.5025
107.49999999999817 20.5513
107.59999999999816 20.5513
107.69999999999816 20.5513
107.79999999999815 20.5513
107.89999999999814 20.5513
107.99999999999814 20.5513
108.09999999999813 20.5513
108.19999999999813 20.5513
108.29999999999812 20.5513
108.39999999999812 1
108.49999999999811 1
108.5999999999981 1
108.6999999999981 1
108.79999999999809 2
108.89999999999809 2
108.99999999999808 2
109.09999999999808 4
109.19999999999807 4
109.29999999999806 4
109.39999999999806 7
109.49999999999805 8
109.59999999999805 8
109.69999999999804 9
109.79999999999804 10.4904
109.89999999999803 10.5857
109.99999999999802 10.5857
110.09999999999802 11.0499
110.19999999999801 11.4952
110.29999999999801 11.4952
110.399999999998 11.8393
110.499999999998 12.3374
110.59999999999799 12.4184
110.69999999999798 12.579
110.79999999999798 13.0486
110.89999999999797 13.3525
110.99999999999797 13.3525
111.09999999999796 13.7958
111.19999999999796 14.2954
111.29999999999795 14.2954
111.39999999999795 14.5732
111.49999999999794 15.0469
111.59999999999793 15.2454
111.69999999999793 15.3763
111.79999999999792 15.8259
111.89999999999792 16.2014
111.99999999999791 16.2631
112.09999999999791 16.6286
112.1999999999979 16.9862
112.29999999999789 17.1622
112.39999999999789 17.4516
112.49999999999788 17.7926
112.59999999999788 18.1272
112.69999999999787 18.2922
112.79999999999787 18.6715
112.89999999999786 18.9906
112.99999999999785 19.1481
113.09999999999785 19.5108
113.19999999999784 19.8163
113.29999999999784 20.0673
113.39999999999783 20.3645
113.49999999999783 20.6574
113.59999999999782 20.9462
113.69999999999781 21.231
113.79999999999781 21.512
113.8999999999978 21.8354
113.9999999999978 22.1087
114.09999999999779 22.3787
114.19999999999779 22.6897
114.29999999999778 22.9528
114.39999999999777 23.213
114.49999999999777 23.5129
114.59999999999776 23.7669
114.69999999999776 24.0183
114.79999999999775 24.3082
114.89999999999775 24.554
114.99999999999774 24.7974
115.09999999999773 25.0783
115.19999999999773 25.3166
115.29999999999772 25.5527
115.39999999999772 25.8254
115.49999999999771 26.0569
115.59999999999771 26.2863
115.6999999999977 26.5514
115.79999999999769 26.7766
115.89999999999769 26.9999
115.99999999999768 27.2581
116.09999999999768 27.4775
116.19999999999767 27.6951
116.29999999999767 27.9469
116.39999999999766 28.1609
116.49999999999766 28.3733
116.59999999999765 28.6191
116.69999999999764 28.8281
116.79999999999764 29.0356
116.89999999999763 29.2759
116.99999999999763 29.4802
117.09999999999762 29.6832
117.19999999999762 29.9182
117.29999999999761 30.1182
117.3999999999976 30.3168
117.4999999999976 30.547
117.59999999999759 30.7429
117.69999999999759 30.9375
117.79999999999758 31.1631
117.89999999999758 31.3551
117.99999999999757 31.546
118.09999999999756 31.7672
118.19999999999756 31.9557
118.29999999999755 32.143
118.39999999999755 32.3601
118.49999999999754 32.5451
118.59999999999754 32.729
118.69999999999753 32.9423
118.79999999999752 33.124
118.89999999999752 33.3047
118.99999999999751 33.5144
119.09999999999751 33.693
119.1999999999975 33.8707
119.2999999999975 34.0768
119.39999999999749 34.2525
119.49999999999748 34.4273
119.59999999999748 34.6301
119.69999999999747 34.803
119.79999999999747 34.9751
119.89999999999746 35.1747
119.99999999999746 35.3449
120.09999999999745 35.5144
120.19999999999744 35.711
120.29999999999744 35.8787
120.39999999999743 36.0456
120.49999999999743 36.2393
120.59999999999742 36.4046
120.69999999999742 36.5691
120.79999999999741 36.7601
120.89999999999741 36.923
120.9999999999974 37.0852
121.09999999999739 37.2736
121.19999999999739 37.4342
121.29999999999738 37.5942
121.39999999999738 37.78
121.49999999999737 37.9386
121.59999999999737 38.0965
121.69999999999736 38.2798
121.79999999999735 38.4363
121.89999999999735 38.5921
121.99999999999734 38.7732
122.09999999999734 38.9276
122.19999999999733 39.0815
122.29999999999733 39.2603
122.39999999999732 39.4129
122.49999999999731 39.5649
122.59999999999731 39.7414
122.6999999999973 39.8922
122.7999999999973 40.0423
122.89999999999729 40.2168
122.99999999999729 40.3658
123.09999999999728 40.5142
123.19999999999727 40.6867
123.29999999999727 40.8339
123.39999999999726 40.9806
123.49999999999726 20.5025
123.59999999999725 20.5025
123.69999999999725 20.5025
123.79999999999724 20.5025
123.89999999999723 20.5025
123.99999999999723 20.5025
124.09999999999722 20.5513
124.19999999999722 20.5513
124.29999999999721 20.5513
124.39999999999721 20.5513
124.4999999999972 20.5513
124.59999999999719 20.5513
124.69999999999719 20.5513
124.79999999999718 20.5513
124.89999999999718 20.5513
124.99999999999717 20.5513
