1.001093 22080 	 0 
2.013413 66240 	 0 
3.009861 141312 	 0 
4.003675 287040 	 0 
5.001275 287040 	 0 
6.001413 300288 	 0 
7.002373 300288 	 0 
8.003333 300288 	 0 
9.004293 300288 	 0 
10.000693 300288 	 0 
11.001653 300288 	 0 
12.000101 300288 	 0 
13.001061 300288 	 0 
14.002021 300288 	 0 
15.000827 295872 	 0 
16.000155 295872 	 0 
17.001115 300288 	 0 
18.000187 300288 	 0 
19.001147 300288 	 0 
20.000133 300288 	 0 
21.001093 300288 	 0 
22.002053 300288 	 0 
23.003013 300288 	 0 
24.003973 300288 	 0 
25.000373 300288 	 0 
26.001333 300288 	 0 
27.002293 300288 	 0 
28.000741 300288 	 0 
29.001701 300288 	 0 
30.000507 295872 	 0 
31.001467 295872 	 0 
32.000795 295872 	 0 
33.001755 300288 	 0 
34.000827 300288 	 0 
35.000635 300288 	 0 
36.000773 300288 	 0 
37.001733 300288 	 0 
38.002693 300288 	 0 
39.003653 300288 	 0 
40.000053 300288 	 0 
41.001013 300288 	 0 
42.001973 300288 	 0 
43.000421 300288 	 0 
44.001381 300288 	 0 
45.000187 295872 	 0 
46.001147 295872 	 0 
47.000475 295872 	 0 
48.001435 300288 	 0 
49.000507 300288 	 0 
50.000315 300288 	 0 
51.000453 300288 	 0 
52.001413 300288 	 0 
53.002373 300288 	 0 
54.003333 300288 	 0 
55.004293 300288 	 0 
56.000693 300288 	 0 
57.001653 300288 	 0 
58.000101 300288 	 0 
59.001061 300288 	 0 
60.002021 300288 	 0 
61.000827 295872 	 0 
62.000155 295872 	 0 
63.001115 300288 	 0 
64.000187 300288 	 0 
65.001147 300288 	 0 
66.000133 300288 	 0 
67.001093 300288 	 0 
68.002053 300288 	 0 
69.003013 300288 	 0 
70.003973 300288 	 0 
71.000373 300288 	 0 
72.001333 300288 	 0 
73.002293 300288 	 0 
74.000741 300288 	 0 
75.001701 300288 	 0 
76.000507 295872 	 0 
77.001467 295872 	 0 
78.000795 295872 	 0 
79.001755 300288 	 0 
80.000827 300288 	 0 
81.000635 300288 	 0 
82.000773 300288 	 0 
83.001733 300288 	 0 
84.002693 300288 	 0 
85.003653 300288 	 0 
86.000053 300288 	 0 
87.001013 300288 	 0 
88.001973 300288 	 0 
89.000421 300288 	 0 
90.001381 300288 	 0 
91.000187 295872 	 0 
92.001147 295872 	 0 
93.000475 295872 	 0 
94.001435 300288 	 0 
95.000507 300288 	 0 
96.000315 300288 	 0 
97.000453 300288 	 0 
98.001413 300288 	 0 
99.002373 300288 	 0 
100.003333 300288 	 0 
101.004293 300288 	 0 
102.000693 300288 	 0 
103.001653 300288 	 0 
104.000101 300288 	 0 
105.001061 300288 	 0 
106.002021 300288 	 0 
107.000827 295872 	 0 
108.000155 295872 	 0 
109.001115 300288 	 0 
110.000187 300288 	 0 
111.001147 300288 	 0 
112.000133 300288 	 0 
113.001093 300288 	 0 
114.002053 300288 	 0 
115.003013 300288 	 0 
116.003973 300288 	 0 
117.000373 300288 	 0 
118.001333 300288 	 0 
119.002293 300288 	 0 
120.000741 300288 	 0 
121.001701 300288 	 0 
122.000507 295872 	 0 
123.001467 295872 	 0 
124.000795 295872 	 0 
124.330933 57408 	 0 
