0.10000000000000001 1
0.20000000000000001 1
0.30000000000000004 1
0.40000000000000002 1
0.5 1
0.59999999999999998 1
0.69999999999999996 1
0.79999999999999993 3
0.89999999999999991 3
0.99999999999999989 3
1.0999999999999999 3
1.2 3
1.3 3
1.4000000000000001 3
1.5000000000000002 6
1.6000000000000003 6
1.7000000000000004 6
1.8000000000000005 6
1.9000000000000006 6
2.0000000000000004 6
2.1000000000000005 9
2.2000000000000006 12
2.3000000000000007 12
2.4000000000000008 12
2.5000000000000009 12
2.600000000000001 12
2.7000000000000011 12
2.8000000000000012 18
2.9000000000000012 24
3.0000000000000013 24
3.1000000000000014 24
3.2000000000000015 24
3.3000000000000016 24
3.4000000000000017 24
3.5000000000000018 21
3.6000000000000019 21
3.700000000000002 21
3.800000000000002 21
3.9000000000000021 21
4.0000000000000018 21
4.1000000000000014 21
4.2000000000000011 21.3333
4.3000000000000007 21.6667
4.4000000000000004 22
4.5 22.2273
4.5999999999999996 22.5455
4.6999999999999993 22.8636
4.7999999999999989 23.0852
4.8999999999999986 23.3902
4.9999999999999982 23.6951
5.0999999999999979 23.913
5.1999999999999975 23.913
5.2999999999999972 23.913
5.3999999999999968 23.913
5.4999999999999964 23.913
5.5999999999999961 23.913
5.6999999999999957 23.913
5.7999999999999954 23.913
5.899999999999995 23.913
5.9999999999999947 23.913
6.0999999999999943 23.913
6.199999999999994 23.913
6.2999999999999936 23.913
6.3999999999999932 23.913
6.4999999999999929 23.913
6.5999999999999925 23.913
6.6999999999999922 23.913
6.7999999999999918 23.913
6.8999999999999915 23.913
6.9999999999999911 23.913
7.0999999999999908 23.913
7.1999999999999904 23.913
7.2999999999999901 23.913
7.3999999999999897 23.913
7.4999999999999893 23.913
7.599999999999989 23.913
7.6999999999999886 23.913
7.7999999999999883 23.913
7.8999999999999879 23.913
7.9999999999999876 23.913
8.0999999999999872 23.913
8.1999999999999869 23.913
8.2999999999999865 23.913
8.3999999999999861 23.913
8.4999999999999858 23.913
8.5999999999999854 23.913
8.6999999999999851 23.913
8.7999999999999847 23.913
8.8999999999999844 23.913
8.999999999999984 23.913
9.0999999999999837 23.913
9.1999999999999833 23.913
9.2999999999999829 23.913
9.3999999999999826 23.913
9.4999999999999822 23.913
9.5999999999999819 23.913
9.6999999999999815 23.913
9.7999999999999812 23.913
9.8999999999999808 23.913
9.9999999999999805 23.913
10.09999999999998 23.913
10.19999999999998 23.913
10.299999999999979 23.913
10.399999999999979 23.913
10.499999999999979 23.913
10.599999999999978 23.913
10.699999999999978 23.913
10.799999999999978 23.913
10.899999999999977 23.913
10.999999999999977 23.913
11.099999999999977 23.913
11.199999999999976 23.913
11.299999999999976 23.913
11.399999999999975 23.913
11.499999999999975 23.913
11.599999999999975 23.913
11.699999999999974 23.913
11.799999999999974 23.913
11.899999999999974 23.913
11.999999999999973 23.913
12.099999999999973 23.913
12.199999999999973 23.913
12.299999999999972 23.913
12.399999999999972 23.913
12.499999999999972 23.913
12.599999999999971 23.913
12.699999999999971 23.913
12.799999999999971 23.913
12.89999999999997 23.913
12.99999999999997 23.913
13.099999999999969 23.913
13.199999999999969 23.913
13.299999999999969 23.913
13.399999999999968 23.913
13.499999999999968 23.913
13.599999999999968 23.913
13.699999999999967 23.913
13.799999999999967 23.913
13.899999999999967 23.913
13.999999999999966 23.913
14.099999999999966 23.913
14.199999999999966 23.913
14.299999999999965 23.913
14.399999999999965 23.913
14.499999999999964 23.913
14.599999999999964 23.913
14.699999999999964 23.913
14.799999999999963 23.913
14.899999999999963 23.913
14.999999999999963 23.913
15.099999999999962 23.913
15.199999999999962 23.913
15.299999999999962 23.913
15.399999999999961 23.913
15.499999999999961 23.913
15.599999999999961 23.913
15.69999999999996 23.913
15.79999999999996 23.913
15.899999999999959 23.913
15.999999999999959 23.913
16.099999999999959 23.913
16.19999999999996 23.913
16.299999999999962 23.913
16.399999999999963 23.913
16.499999999999964 23.913
16.599999999999966 23.913
16.699999999999967 23.913
16.799999999999969 23.913
16.89999999999997 23.913
16.999999999999972 23.913
17.099999999999973 23.913
17.199999999999974 23.913
17.299999999999976 23.913
17.399999999999977 23.913
17.499999999999979 23.913
17.59999999999998 23.913
17.699999999999982 23.913
17.799999999999983 23.913
17.899999999999984 23.913
17.999999999999986 23.913
18.099999999999987 23.913
18.199999999999989 23.913
18.29999999999999 23.913
18.399999999999991 23.913
18.499999999999993 23.913
18.599999999999994 23.913
18.699999999999996 23.913
18.799999999999997 23.913
18.899999999999999 23.913
19 23.913
19.100000000000001 23.913
19.200000000000003 23.913
19.300000000000004 23.913
19.400000000000006 23.913
19.500000000000007 23.913
19.600000000000009 23.913
19.70000000000001 23.913
19.800000000000011 23.913
19.900000000000013 23.913
20.000000000000014 23.913
20.100000000000016 23.913
20.200000000000017 23.913
20.300000000000018 23.913
20.40000000000002 23.913
20.500000000000021 23.913
20.600000000000023 23.913
20.700000000000024 23.913
20.800000000000026 23.913
20.900000000000027 23.913
21.000000000000028 23.913
21.10000000000003 23.913
21.200000000000031 23.913
21.300000000000033 23.913
21.400000000000034 23.913
21.500000000000036 23.913
21.600000000000037 23.913
21.700000000000038 23.913
21.80000000000004 23.913
21.900000000000041 23.913
22.000000000000043 23.913
22.100000000000044 23.913
22.200000000000045 23.913
22.300000000000047 23.913
22.400000000000048 23.913
22.50000000000005 23.913
22.600000000000051 23.913
22.700000000000053 23.913
22.800000000000054 23.913
22.900000000000055 23.913
23.000000000000057 23.913
23.100000000000058 23.913
23.20000000000006 23.913
23.300000000000061 23.913
23.400000000000063 23.913
23.500000000000064 23.913
23.600000000000065 23.913
23.700000000000067 23.913
23.800000000000068 23.913
23.90000000000007 23.913
24.000000000000071 23.913
24.100000000000072 23.913
24.200000000000074 23.913
24.300000000000075 23.913
24.400000000000077 23.913
24.500000000000078 23.913
24.60000000000008 23.913
24.700000000000081 23.913
24.800000000000082 23.913
24.900000000000084 23.913
25.000000000000085 23.913
25.100000000000087 23.913
25.200000000000088 23.913
25.30000000000009 23.913
25.400000000000091 23.913
25.500000000000092 23.913
25.600000000000094 23.913
25.700000000000095 23.913
25.800000000000097 23.913
25.900000000000098 23.913
26.000000000000099 23.913
26.100000000000101 23.913
26.200000000000102 23.913
26.300000000000104 23.913
26.400000000000105 23.913
26.500000000000107 23.913
26.600000000000108 23.913
26.700000000000109 23.913
26.800000000000111 23.913
26.900000000000112 23.913
27.000000000000114 23.913
27.100000000000115 23.913
27.200000000000117 23.913
27.300000000000118 23.913
27.400000000000119 23.913
27.500000000000121 23.913
27.600000000000122 23.913
27.700000000000124 23.913
27.800000000000125 23.913
27.900000000000126 23.913
28.000000000000128 23.913
28.100000000000129 23.913
28.200000000000131 23.913
28.300000000000132 23.913
28.400000000000134 23.913
28.500000000000135 23.913
28.600000000000136 23.913
28.700000000000138 23.913
28.800000000000139 23.913
28.900000000000141 23.913
29.000000000000142 23.913
29.100000000000144 23.913
29.200000000000145 23.913
29.300000000000146 23.913
29.400000000000148 23.913
29.500000000000149 23.913
29.600000000000151 23.913
29.700000000000152 23.913
29.800000000000153 23.913
29.900000000000155 23.913
30.000000000000156 23.913
30.100000000000158 23.913
30.200000000000159 23.913
30.300000000000161 23.913
30.400000000000162 23.913
30.500000000000163 23.913
30.600000000000165 23.913
30.700000000000166 23.913
30.800000000000168 23.913
30.900000000000169 23.913
31.000000000000171 23.913
31.100000000000172 23.913
31.200000000000173 23.913
31.300000000000175 23.913
31.400000000000176 23.913
31.500000000000178 23.913
31.600000000000179 23.913
31.70000000000018 23.913
31.800000000000182 23.913
31.900000000000183 23.913
32.000000000000185 23.913
32.100000000000186 23.913
32.200000000000188 23.913
32.300000000000189 23.913
32.40000000000019 23.913
32.500000000000192 23.913
32.600000000000193 23.913
32.700000000000195 23.913
32.800000000000196 23.913
32.900000000000198 23.913
33.000000000000199 23.913
33.1000000000002 23.913
33.200000000000202 23.913
33.300000000000203 23.913
33.400000000000205 23.913
33.500000000000206 23.913
33.600000000000207 23.913
33.700000000000209 23.913
33.80000000000021 23.913
33.900000000000212 23.913
34.000000000000213 23.913
34.100000000000215 23.913
34.200000000000216 23.913
34.300000000000217 23.913
34.400000000000219 23.913
34.50000000000022 23.913
34.600000000000222 23.913
34.700000000000223 23.913
34.800000000000225 23.913
34.900000000000226 23.913
35.000000000000227 23.913
35.100000000000229 23.913
35.20000000000023 23.913
35.300000000000232 23.913
35.400000000000233 23.913
35.500000000000234 23.913
35.600000000000236 23.913
35.700000000000237 23.913
35.800000000000239 23.913
35.90000000000024 23.913
36.000000000000242 23.913
36.100000000000243 23.913
36.200000000000244 23.913
36.300000000000246 23.913
36.400000000000247 23.913
36.500000000000249 23.913
36.60000000000025 23.913
36.700000000000252 23.913
36.800000000000253 23.913
36.900000000000254 23.913
37.000000000000256 23.913
37.100000000000257 23.913
37.200000000000259 23.913
37.30000000000026 23.913
37.400000000000261 23.913
37.500000000000263 23.913
37.600000000000264 23.913
37.700000000000266 23.913
37.800000000000267 23.913
37.900000000000269 23.913
38.00000000000027 23.913
38.100000000000271 23.913
38.200000000000273 23.913
38.300000000000274 23.913
38.400000000000276 23.913
38.500000000000277 23.913
38.600000000000279 23.913
38.70000000000028 23.913
38.800000000000281 23.913
38.900000000000283 23.913
39.000000000000284 23.913
39.100000000000286 23.913
39.200000000000287 23.913
39.300000000000288 23.913
39.40000000000029 23.913
39.500000000000291 23.913
39.600000000000293 23.913
39.700000000000294 23.913
39.800000000000296 23.913
39.900000000000297 23.913
40.000000000000298 23.913
40.1000000000003 23.913
40.200000000000301 23.913
40.300000000000303 23.913
40.400000000000304 23.913
40.500000000000306 23.913
40.600000000000307 23.913
40.700000000000308 23.913
40.80000000000031 23.913
40.900000000000311 23.913
41.000000000000313 23.913
41.100000000000314 23.913
41.200000000000315 23.913
41.300000000000317 23.913
41.400000000000318 23.913
41.50000000000032 23.913
41.600000000000321 23.913
41.700000000000323 23.913
41.800000000000324 23.913
41.900000000000325 23.913
42.000000000000327 23.913
42.100000000000328 23.913
42.20000000000033 23.913
42.300000000000331 23.913
42.400000000000333 23.913
42.500000000000334 23.913
42.600000000000335 23.913
42.700000000000337 23.913
42.800000000000338 23.913
42.90000000000034 23.913
43.000000000000341 23.913
43.100000000000342 23.913
43.200000000000344 23.913
43.300000000000345 23.913
43.400000000000347 23.913
43.500000000000348 23.913
43.60000000000035 23.913
43.700000000000351 23.913
43.800000000000352 23.913
43.900000000000354 23.913
44.000000000000355 23.913
44.100000000000357 23.913
44.200000000000358 23.913
44.30000000000036 23.913
44.400000000000361 23.913
44.500000000000362 23.913
44.600000000000364 23.913
44.700000000000365 23.913
44.800000000000367 23.913
44.900000000000368 23.913
45.000000000000369 23.913
45.100000000000371 23.913
45.200000000000372 23.913
45.300000000000374 23.913
45.400000000000375 23.913
45.500000000000377 23.913
45.600000000000378 23.913
45.700000000000379 23.913
45.800000000000381 23.913
45.900000000000382 23.913
46.000000000000384 23.913
46.100000000000385 23.913
46.200000000000387 23.913
46.300000000000388 23.913
46.400000000000389 23.913
46.500000000000391 23.913
46.600000000000392 23.913
46.700000000000394 23.913
46.800000000000395 23.913
46.900000000000396 23.913
47.000000000000398 23.913
47.100000000000399 23.913
47.200000000000401 23.913
47.300000000000402 23.913
47.400000000000404 23.913
47.500000000000405 23.913
47.600000000000406 23.913
47.700000000000408 23.913
47.800000000000409 23.913
47.900000000000411 23.913
48.000000000000412 23.913
48.100000000000414 23.913
48.200000000000415 23.913
48.300000000000416 23.913
48.400000000000418 23.913
48.500000000000419 23.913
48.600000000000421 23.913
48.700000000000422 23.913
48.800000000000423 23.913
48.900000000000425 23.913
49.000000000000426 23.913
49.100000000000428 23.913
49.200000000000429 23.913
49.300000000000431 23.913
49.400000000000432 23.913
49.500000000000433 23.913
49.600000000000435 23.913
49.700000000000436 23.913
49.800000000000438 23.913
49.900000000000439 23.913
50.000000000000441 23.913
50.100000000000442 23.913
50.200000000000443 23.913
50.300000000000445 23.913
50.400000000000446 23.913
50.500000000000448 23.913
50.600000000000449 23.913
50.70000000000045 23.913
50.800000000000452 23.913
50.900000000000453 23.913
51.000000000000455 23.913
51.100000000000456 23.913
51.200000000000458 23.913
51.300000000000459 23.913
51.40000000000046 23.913
51.500000000000462 23.913
51.600000000000463 23.913
51.700000000000465 23.913
51.800000000000466 23.913
51.900000000000468 23.913
52.000000000000469 23.913
52.10000000000047 23.913
52.200000000000472 23.913
52.300000000000473 23.913
52.400000000000475 23.913
52.500000000000476 23.913
52.600000000000477 23.913
52.700000000000479 23.913
52.80000000000048 23.913
52.900000000000482 23.913
53.000000000000483 23.913
53.100000000000485 23.913
53.200000000000486 23.913
53.300000000000487 23.913
53.400000000000489 23.913
53.50000000000049 23.913
53.600000000000492 23.913
53.700000000000493 23.913
53.800000000000495 23.913
53.900000000000496 23.913
54.000000000000497 23.913
54.100000000000499 23.913
54.2000000000005 23.913
54.300000000000502 23.913
54.400000000000503 23.913
54.500000000000504 23.913
54.600000000000506 23.913
54.700000000000507 23.913
54.800000000000509 23.913
54.90000000000051 23.913
55.000000000000512 23.913
55.100000000000513 23.913
55.200000000000514 23.913
55.300000000000516 23.913
55.400000000000517 23.913
55.500000000000519 23.913
55.60000000000052 23.913
55.700000000000522 23.913
55.800000000000523 23.913
55.900000000000524 23.913
56.000000000000526 23.913
56.100000000000527 23.913
56.200000000000529 23.913
56.30000000000053 23.913
56.400000000000531 23.913
56.500000000000533 23.913
56.600000000000534 23.913
56.700000000000536 23.913
56.800000000000537 23.913
56.900000000000539 23.913
57.00000000000054 23.913
57.100000000000541 23.913
57.200000000000543 23.913
57.300000000000544 23.913
57.400000000000546 23.913
57.500000000000547 23.913
57.600000000000549 23.913
57.70000000000055 23.913
57.800000000000551 23.913
57.900000000000553 23.913
58.000000000000554 23.913
58.100000000000556 23.913
58.200000000000557 23.913
58.300000000000558 23.913
58.40000000000056 23.913
58.500000000000561 23.913
58.600000000000563 23.913
58.700000000000564 23.913
58.800000000000566 23.913
58.900000000000567 23.913
59.000000000000568 23.913
59.10000000000057 23.913
59.200000000000571 23.913
59.300000000000573 23.913
59.400000000000574 23.913
59.500000000000576 23.913
59.600000000000577 23.913
59.700000000000578 23.913
59.80000000000058 23.913
59.900000000000581 23.913
60.000000000000583 23.913
60.100000000000584 23.913
60.200000000000585 23.913
60.300000000000587 23.913
60.400000000000588 23.913
60.50000000000059 23.913
60.600000000000591 23.913
60.700000000000593 23.913
60.800000000000594 23.913
60.900000000000595 23.913
61.000000000000597 23.913
61.100000000000598 23.913
61.2000000000006 23.913
61.300000000000601 23.913
61.400000000000603 23.913
61.500000000000604 23.913
61.600000000000605 23.913
61.700000000000607 23.913
61.800000000000608 23.913
61.90000000000061 23.913
62.000000000000611 23.913
62.100000000000612 23.913
62.200000000000614 23.913
62.300000000000615 23.913
62.400000000000617 23.913
62.500000000000618 23.913
62.60000000000062 23.913
62.700000000000621 23.913
62.800000000000622 23.913
62.900000000000624 23.913
63.000000000000625 23.913
63.100000000000627 23.913
63.200000000000628 23.913
63.30000000000063 23.913
63.400000000000631 23.913
63.500000000000632 23.913
63.600000000000634 23.913
63.700000000000635 23.913
63.800000000000637 23.913
63.900000000000638 23.913
64.000000000000639 23.913
64.100000000000634 23.913
64.200000000000628 23.913
64.300000000000622 23.913
64.400000000000617 23.913
64.500000000000611 23.913
64.600000000000605 23.913
64.7000000000006 23.913
64.800000000000594 23.913
64.900000000000588 23.913
65.000000000000583 23.913
65.100000000000577 23.913
65.200000000000571 23.913
65.300000000000566 23.913
65.40000000000056 23.913
65.500000000000554 23.913
65.600000000000549 23.913
65.700000000000543 23.913
65.800000000000537 23.913
65.900000000000531 23.913
66.000000000000526 23.913
66.10000000000052 23.913
66.200000000000514 23.913
66.300000000000509 23.913
66.400000000000503 23.913
66.500000000000497 23.913
66.600000000000492 23.913
66.700000000000486 23.913
66.80000000000048 23.913
66.900000000000475 23.913
67.000000000000469 23.913
67.100000000000463 23.913
67.200000000000458 23.913
67.300000000000452 23.913
67.400000000000446 23.913
67.500000000000441 23.913
67.600000000000435 23.913
67.700000000000429 23.913
67.800000000000423 23.913
67.900000000000418 23.913
68.000000000000412 23.913
68.100000000000406 23.913
68.200000000000401 23.913
68.300000000000395 23.913
68.400000000000389 23.913
68.500000000000384 23.913
68.600000000000378 23.913
68.700000000000372 23.913
68.800000000000367 23.913
68.900000000000361 23.913
69.000000000000355 23.913
69.10000000000035 23.913
69.200000000000344 23.913
69.300000000000338 23.913
69.400000000000333 23.913
69.500000000000327 23.913
69.600000000000321 23.913
69.700000000000315 23.913
69.80000000000031 23.913
69.900000000000304 23.913
70.000000000000298 23.913
70.100000000000293 23.913
70.200000000000287 23.913
70.300000000000281 23.913
70.400000000000276 23.913
70.50000000000027 23.913
70.600000000000264 23.913
70.700000000000259 23.913
70.800000000000253 23.913
70.900000000000247 23.913
71.000000000000242 23.913
71.100000000000236 23.913
71.20000000000023 23.913
71.300000000000225 23.913
71.400000000000219 23.913
71.500000000000213 23.913
71.600000000000207 23.913
71.700000000000202 23.913
71.800000000000196 23.913
71.90000000000019 23.913
72.000000000000185 23.913
72.100000000000179 23.913
72.200000000000173 23.913
72.300000000000168 23.913
72.400000000000162 23.913
72.500000000000156 23.913
72.600000000000151 23.913
72.700000000000145 23.913
72.800000000000139 23.913
72.900000000000134 23.913
73.000000000000128 23.913
73.100000000000122 23.913
73.200000000000117 23.913
73.300000000000111 23.913
73.400000000000105 23.913
73.500000000000099 23.913
73.600000000000094 23.913
73.700000000000088 23.913
73.800000000000082 23.913
73.900000000000077 23.913
74.000000000000071 23.913
74.100000000000065 23.913
74.20000000000006 23.913
74.300000000000054 23.913
74.400000000000048 23.913
74.500000000000043 23.913
74.600000000000037 23.913
74.700000000000031 23.913
74.800000000000026 23.913
74.90000000000002 23.913
75.000000000000014 23.913
75.100000000000009 23.913
75.200000000000003 23.913
75.299999999999997 23.913
75.399999999999991 23.913
75.499999999999986 23.913
75.59999999999998 23.913
75.699999999999974 23.913
75.799999999999969 23.913
75.899999999999963 23.913
75.999999999999957 23.913
76.099999999999952 23.913
76.199999999999946 23.913
76.29999999999994 23.913
76.399999999999935 23.913
76.499999999999929 23.913
76.599999999999923 23.913
76.699999999999918 23.913
76.799999999999912 23.913
76.899999999999906 23.913
76.999999999999901 23.913
77.099999999999895 23.913
77.199999999999889 23.913
77.299999999999883 23.913
77.399999999999878 23.913
77.499999999999872 23.913
77.599999999999866 23.913
77.699999999999861 23.913
77.799999999999855 23.913
77.899999999999849 23.913
77.999999999999844 23.913
78.099999999999838 23.913
78.199999999999832 23.913
78.299999999999827 23.913
78.399999999999821 23.913
78.499999999999815 23.913
78.59999999999981 23.913
78.699999999999804 23.913
78.799999999999798 23.913
78.899999999999793 23.913
78.999999999999787 23.913
79.099999999999781 23.913
79.199999999999775 23.913
79.29999999999977 23.913
79.399999999999764 23.913
79.499999999999758 23.913
79.599999999999753 23.913
79.699999999999747 23.913
79.799999999999741 23.913
79.899999999999736 23.913
79.99999999999973 23.913
80.099999999999724 23.913
80.199999999999719 23.913
80.299999999999713 23.913
80.399999999999707 23.913
80.499999999999702 23.913
80.599999999999696 23.913
80.69999999999969 23.913
80.799999999999685 23.913
80.899999999999679 23.913
80.999999999999673 23.913
81.099999999999667 23.913
81.199999999999662 23.913
81.299999999999656 23.913
81.39999999999965 23.913
81.499999999999645 23.913
81.599999999999639 23.913
81.699999999999633 23.913
81.799999999999628 23.913
81.899999999999622 23.913
81.999999999999616 23.913
82.099999999999611 23.913
82.199999999999605 23.913
82.299999999999599 23.913
82.399999999999594 23.913
82.499999999999588 23.913
82.599999999999582 23.913
82.699999999999577 23.913
82.799999999999571 23.913
82.899999999999565 23.913
82.999999999999559 23.913
83.099999999999554 23.913
83.199999999999548 23.913
83.299999999999542 23.913
83.399999999999537 23.913
83.499999999999531 23.913
83.599999999999525 23.913
83.69999999999952 23.913
83.799999999999514 23.913
83.899999999999508 23.913
83.999999999999503 23.913
84.099999999999497 23.913
84.199999999999491 23.913
84.299999999999486 23.913
84.39999999999948 23.913
84.499999999999474 23.913
84.599999999999469 23.913
84.699999999999463 23.913
84.799999999999457 23.913
84.899999999999451 23.913
84.999999999999446 23.913
85.09999999999944 23.913
85.199999999999434 23.913
85.299999999999429 23.913
85.399999999999423 23.913
85.499999999999417 23.913
85.599999999999412 23.913
85.699999999999406 23.913
85.7999999999994 23.913
85.899999999999395 23.913
85.999999999999389 23.913
86.099999999999383 23.913
86.199999999999378 23.913
86.299999999999372 23.913
86.399999999999366 23.913
86.499999999999361 23.913
86.599999999999355 23.913
86.699999999999349 23.913
86.799999999999343 23.913
86.899999999999338 23.913
86.999999999999332 23.913
87.099999999999326 23.913
87.199999999999321 23.913
87.299999999999315 23.913
87.399999999999309 23.913
87.499999999999304 23.913
87.599999999999298 23.913
87.699999999999292 23.913
87.799999999999287 23.913
87.899999999999281 23.913
87.999999999999275 23.913
88.09999999999927 23.913
88.199999999999264 23.913
88.299999999999258 23.913
88.399999999999253 23.913
88.499999999999247 23.913
88.599999999999241 23.913
88.699999999999235 23.913
88.79999999999923 23.913
88.899999999999224 23.913
88.999999999999218 23.913
89.099999999999213 23.913
89.199999999999207 23.913
89.299999999999201 23.913
89.399999999999196 23.913
89.49999999999919 23.913
89.599999999999184 23.913
89.699999999999179 23.913
89.799999999999173 23.913
89.899999999999167 23.913
89.999999999999162 23.913
90.099999999999156 23.913
90.19999999999915 23.913
90.299999999999145 23.913
90.399999999999139 23.913
90.499999999999133 23.913
90.599999999999127 23.913
90.699999999999122 23.913
90.799999999999116 23.913
90.89999999999911 23.913
90.999999999999105 23.913
91.099999999999099 23.913
91.199999999999093 23.913
91.299999999999088 23.913
91.399999999999082 23.913
91.499999999999076 23.913
91.599999999999071 23.913
91.699999999999065 23.913
91.799999999999059 23.913
91.899999999999054 23.913
91.999999999999048 23.913
92.099999999999042 23.913
92.199999999999037 23.913
92.299999999999031 23.913
92.399999999999025 23.913
92.499999999999019 23.913
92.599999999999014 23.913
92.699999999999008 23.913
92.799999999999002 23.913
92.899999999998997 23.913
92.999999999998991 23.913
93.099999999998985 23.913
93.19999999999898 23.913
93.299999999998974 23.913
93.399999999998968 23.913
93.499999999998963 23.913
93.599999999998957 23.913
93.699999999998951 23.913
93.799999999998946 23.913
93.89999999999894 23.913
93.999999999998934 23.913
94.099999999998929 23.913
94.199999999998923 23.913
94.299999999998917 23.913
94.399999999998911 23.913
94.499999999998906 23.913
94.5999999999989 23.913
94.699999999998894 23.913
94.799999999998889 23.913
94.899999999998883 23.913
94.999999999998877 23.913
95.099999999998872 23.913
95.199999999998866 23.913
95.29999999999886 23.913
95.399999999998855 23.913
95.499999999998849 23.913
95.599999999998843 23.913
95.699999999998838 23.913
95.799999999998832 23.913
95.899999999998826 23.913
95.99999999999882 23.913
96.099999999998815 23.913
96.199999999998809 23.913
96.299999999998803 23.913
96.399999999998798 23.913
96.499999999998792 23.913
96.599999999998786 23.913
96.699999999998781 23.913
96.799999999998775 23.913
96.899999999998769 23.913
96.999999999998764 23.913
97.099999999998758 23.913
97.199999999998752 23.913
97.299999999998747 23.913
97.399999999998741 23.913
97.499999999998735 23.913
97.59999999999873 23.913
97.699999999998724 23.913
97.799999999998718 23.913
97.899999999998712 23.913
97.999999999998707 23.913
98.099999999998701 23.913
98.199999999998695 23.913
98.29999999999869 23.913
98.399999999998684 23.913
98.499999999998678 23.913
98.599999999998673 23.913
98.699999999998667 23.913
98.799999999998661 23.913
98.899999999998656 23.913
98.99999999999865 23.913
99.099999999998644 23.913
99.199999999998639 23.913
99.299999999998633 23.913
99.399999999998627 23.913
99.499999999998622 23.913
99.599999999998616 23.913
99.69999999999861 23.913
99.799999999998604 23.913
99.899999999998599 23.913
99.999999999998593 23.913
100.09999999999859 23.913
100.19999999999858 23.913
100.29999999999858 23.913
100.39999999999857 23.913
100.49999999999856 23.913
100.59999999999856 23.913
100.69999999999855 23.913
100.79999999999855 23.913
100.89999999999854 23.913
100.99999999999854 23.913
101.09999999999853 23.913
101.19999999999852 23.913
101.29999999999852 23.913
101.39999999999851 23.913
101.49999999999851 23.913
101.5999999999985 23.913
101.6999999999985 23.913
101.79999999999849 23.913
101.89999999999849 23.913
101.99999999999848 23.913
102.09999999999847 23.913
102.19999999999847 23.913
102.29999999999846 23.913
102.39999999999846 23.913
102.49999999999845 23.913
102.59999999999845 23.913
102.69999999999844 23.913
102.79999999999843 23.913
102.89999999999843 23.913
102.99999999999842 23.913
103.09999999999842 23.913
103.19999999999841 23.913
103.29999999999841 23.913
103.3999999999984 23.913
103.49999999999839 23.913
103.59999999999839 23.913
103.69999999999838 23.913
103.79999999999838 23.913
103.89999999999837 23.913
103.99999999999837 23.913
104.09999999999836 23.913
104.19999999999835 23.913
104.29999999999835 23.913
104.39999999999834 23.913
104.49999999999834 23.913
104.59999999999833 23.913
104.69999999999833 23.913
104.79999999999832 23.913
104.89999999999831 23.913
104.99999999999831 23.913
105.0999999999983 23.913
105.1999999999983 23.913
105.29999999999829 23.913
105.39999999999829 23.913
105.49999999999828 23.913
105.59999999999827 23.913
105.69999999999827 23.913
105.79999999999826 23.913
105.89999999999826 23.913
105.99999999999825 23.913
106.09999999999825 23.913
106.19999999999824 23.913
106.29999999999824 23.913
106.39999999999823 23.913
106.49999999999822 23.913
106.59999999999822 23.913
106.69999999999821 23.913
106.79999999999821 23.913
106.8999999999982 23.913
106.9999999999982 23.913
107.09999999999819 23.913
107.19999999999818 23.913
107.29999999999818 23.913
107.39999999999817 23.913
107.49999999999817 23.913
107.59999999999816 23.913
107.69999999999816 23.913
107.79999999999815 23.913
107.89999999999814 23.913
107.99999999999814 23.913
108.09999999999813 23.913
108.19999999999813 23.913
108.29999999999812 23.913
108.39999999999812 23.913
108.49999999999811 23.913
108.5999999999981 23.913
108.6999999999981 23.913
108.79999999999809 23.913
108.89999999999809 23.913
108.99999999999808 23.913
109.09999999999808 23.913
109.19999999999807 23.913
109.29999999999806 23.913
109.39999999999806 23.913
109.49999999999805 23.913
109.59999999999805 23.913
109.69999999999804 23.913
109.79999999999804 23.913
109.89999999999803 23.913
109.99999999999802 23.913
110.09999999999802 23.913
110.19999999999801 23.913
110.29999999999801 23.913
110.399999999998 23.913
110.499999999998 23.913
110.59999999999799 23.913
110.69999999999798 23.913
110.79999999999798 23.913
110.89999999999797 23.913
110.99999999999797 23.913
111.09999999999796 23.913
111.19999999999796 23.913
111.29999999999795 23.913
111.39999999999795 23.913
111.49999999999794 23.913
111.59999999999793 23.913
111.69999999999793 23.913
111.79999999999792 23.913
111.89999999999792 23.913
111.99999999999791 23.913
112.09999999999791 23.913
112.1999999999979 23.913
112.29999999999789 23.913
112.39999999999789 23.913
112.49999999999788 23.913
112.59999999999788 23.913
112.69999999999787 23.913
112.79999999999787 23.913
112.89999999999786 23.913
112.99999999999785 23.913
113.09999999999785 23.913
113.19999999999784 23.913
113.29999999999784 23.913
113.39999999999783 23.913
113.49999999999783 23.913
113.59999999999782 23.913
113.69999999999781 23.913
113.79999999999781 23.913
113.8999999999978 23.913
113.9999999999978 23.913
114.09999999999779 23.913
114.19999999999779 23.913
114.29999999999778 23.913
114.39999999999777 23.913
114.49999999999777 23.913
114.59999999999776 23.913
114.69999999999776 23.913
114.79999999999775 23.913
114.89999999999775 23.913
114.99999999999774 23.913
115.09999999999773 23.913
115.19999999999773 23.913
115.29999999999772 23.913
115.39999999999772 23.913
115.49999999999771 23.913
115.59999999999771 23.913
115.6999999999977 23.913
115.79999999999769 23.913
115.89999999999769 23.913
115.99999999999768 23.913
116.09999999999768 23.913
116.19999999999767 23.913
116.29999999999767 23.913
116.39999999999766 23.913
116.49999999999766 23.913
116.59999999999765 23.913
116.69999999999764 23.913
116.79999999999764 23.913
116.89999999999763 23.913
116.99999999999763 23.913
117.09999999999762 23.913
117.19999999999762 23.913
117.29999999999761 23.913
117.3999999999976 23.913
117.4999999999976 23.913
117.59999999999759 23.913
117.69999999999759 23.913
117.79999999999758 23.913
117.89999999999758 23.913
117.99999999999757 23.913
118.09999999999756 23.913
118.19999999999756 23.913
118.29999999999755 23.913
118.39999999999755 23.913
118.49999999999754 23.913
118.59999999999754 23.913
118.69999999999753 23.913
118.79999999999752 23.913
118.89999999999752 23.913
118.99999999999751 23.913
119.09999999999751 23.913
119.1999999999975 23.913
119.2999999999975 23.913
119.39999999999749 23.913
119.49999999999748 23.913
119.59999999999748 23.913
119.69999999999747 23.913
119.79999999999747 23.913
119.89999999999746 23.913
119.99999999999746 23.913
120.09999999999745 23.913
120.19999999999744 23.913
120.29999999999744 23.913
120.39999999999743 23.913
120.49999999999743 23.913
120.59999999999742 23.913
120.69999999999742 23.913
120.79999999999741 23.913
120.89999999999741 23.913
120.9999999999974 23.913
121.09999999999739 23.913
121.19999999999739 23.913
121.29999999999738 23.913
121.39999999999738 23.913
121.49999999999737 23.913
121.59999999999737 23.913
121.69999999999736 23.913
121.79999999999735 23.913
121.89999999999735 23.913
121.99999999999734 23.913
122.09999999999734 23.913
122.19999999999733 23.913
122.29999999999733 23.913
122.39999999999732 23.913
122.49999999999731 23.913
122.59999999999731 23.913
122.6999999999973 23.913
122.7999999999973 23.913
122.89999999999729 23.913
122.99999999999729 23.913
123.09999999999728 23.913
123.19999999999727 23.913
123.29999999999727 23.913
123.39999999999726 23.913
123.49999999999726 23.913
123.59999999999725 23.913
123.69999999999725 23.913
123.79999999999724 23.913
123.89999999999723 23.913
123.99999999999723 23.913
124.09999999999722 23.913
124.19999999999722 23.913
124.29999999999721 23.913
124.39999999999721 23.913
124.4999999999972 23.913
124.59999999999719 23.913
124.69999999999719 23.913
124.79999999999718 2
124.89999999999718 2
124.99999999999717 2
