1.05256 0 
2.002448 0 
3.002288 41 
4.176213 0 
5.010715 0 
6.001307 0 
7.000208 0 
8.002075 0 
9.005115 0 
10.001701 0 
11.001541 0 
12.004581 0 
13.001168 0 
14.001008 0 
15.004048 0 
16.000635 0 
17.000475 1 
18.001488 0 
19.001328 0 
20.004368 0 
21.000955 0 
22.000795 0 
23.003835 0 
24.000421 0 
25.000261 0 
26.003301 0 
27.00056 1 
28.001467 0 
29.000741 0 
30.000581 0 
31.003621 0 
32.000208 0 
33.000048 0 
34.003088 0 
35.000347 0 
36.001253 0 
37.002555 0 
38.000533 1 
39.005435 0 
40.000667 0 
41.001573 0 
42.002875 0 
43.000133 0 
44.00104 0 
45.002341 0 
46.00032 0 
47.000507 0 
48.001808 0 
49.003675 1 
50.002661 0 
51.00064 0 
52.000827 0 
53.002128 0 
54.000107 0 
55.000293 0 
56.001595 0 
57.003461 0 
58.000133 0 
59.001061 1 
60.000901 0 
61.001915 0 
62.003781 0 
63.00008 0 
64.001381 0 
65.003248 0 
66.006288 0 
67.000848 0 
68.002715 0 
69.005755 0 
70.000315 1 
71.00024 0 
72.001168 0 
73.003035 0 
74.006075 0 
75.000635 0 
76.002501 0 
77.005541 0 
78.000101 0 
79.001968 0 
80.005008 0 
81.002267 1 
82.005861 0 
83.000421 0 
84.002288 0 
85.005328 0 
86.001915 0 
87.001755 0 
88.004795 0 
89.001381 0 
90.001221 0 
91.004261 1 
92.000213 0 
93.005115 0 
94.001701 0 
95.001541 0 
96.004581 0 
97.001168 0 
98.001008 0 
99.004048 0 
100.000635 0 
101.000475 0 
102.005541 1 
103.001328 0 
104.004368 0 
105.000955 0 
106.000795 0 
107.003835 0 
108.000421 0 
109.000261 0 
110.003301 0 
111.00056 0 
112.001467 1 
113.002768 0 
114.000581 0 
115.003621 0 
116.000208 0 
117.000048 0 
118.003088 0 
119.000016 0 
120.001253 0 
121.002555 0 
122.000533 0 
123.00072 1 
124.002693 0 
124.332907 0 
