1.05256 28736 	 0 
2.002448 146816 	 0 
3.002288 298368 	 0 
4.176213 94720 	 0 
5.010715 14208 	 0 
6.001307 89984 	 0 
7.000208 265216 	 0 
8.002075 298368 	 0 
9.005115 303104 	 0 
10.001701 298368 	 0 
11.001541 298368 	 0 
12.004581 303104 	 0 
13.001168 298368 	 0 
14.001008 298368 	 0 
15.004048 303104 	 0 
16.000635 298368 	 0 
17.000475 298368 	 0 
18.001488 293632 	 0 
19.001328 298368 	 0 
20.004368 303104 	 0 
21.000955 298368 	 0 
22.000795 298368 	 0 
23.003835 303104 	 0 
24.000421 298368 	 0 
25.000261 298368 	 0 
26.003301 303104 	 0 
27.00056 298368 	 0 
28.001467 298368 	 0 
29.000741 293632 	 0 
30.000581 298368 	 0 
31.003621 303104 	 0 
32.000208 298368 	 0 
33.000048 298368 	 0 
34.003088 303104 	 0 
35.000347 298368 	 0 
36.001253 298368 	 0 
37.002555 303104 	 0 
38.000533 298368 	 0 
39.005435 298368 	 0 
40.000667 293632 	 0 
41.001573 298368 	 0 
42.002875 303104 	 0 
43.000133 298368 	 0 
44.00104 298368 	 0 
45.002341 303104 	 0 
46.00032 298368 	 0 
47.000507 298368 	 0 
48.001808 303104 	 0 
49.003675 298368 	 0 
50.002661 293632 	 0 
51.00064 298368 	 0 
52.000827 298368 	 0 
53.002128 303104 	 0 
54.000107 298368 	 0 
55.000293 298368 	 0 
56.001595 303104 	 0 
57.003461 298368 	 0 
58.000133 298368 	 0 
59.001061 298368 	 0 
60.000901 293632 	 0 
61.001915 298368 	 0 
62.003781 298368 	 0 
63.00008 298368 	 0 
64.001381 303104 	 0 
65.003248 298368 	 0 
66.006288 303104 	 0 
67.000848 298368 	 0 
68.002715 298368 	 0 
69.005755 303104 	 0 
70.000315 298368 	 0 
71.00024 288896 	 0 
72.001168 298368 	 0 
73.003035 298368 	 0 
74.006075 303104 	 0 
75.000635 298368 	 0 
76.002501 298368 	 0 
77.005541 303104 	 0 
78.000101 298368 	 0 
79.001968 298368 	 0 
80.005008 303104 	 0 
81.002267 298368 	 0 
82.005861 293632 	 0 
83.000421 298368 	 0 
84.002288 298368 	 0 
85.005328 303104 	 0 
86.001915 298368 	 0 
87.001755 298368 	 0 
88.004795 303104 	 0 
89.001381 298368 	 0 
90.001221 298368 	 0 
91.004261 303104 	 0 
92.000213 293632 	 0 
93.005115 298368 	 0 
94.001701 298368 	 0 
95.001541 298368 	 0 
96.004581 303104 	 0 
97.001168 298368 	 0 
98.001008 298368 	 0 
99.004048 303104 	 0 
100.000635 298368 	 0 
101.000475 298368 	 0 
102.005541 303104 	 0 
103.001328 288896 	 0 
104.004368 303104 	 0 
105.000955 298368 	 0 
106.000795 298368 	 0 
107.003835 303104 	 0 
108.000421 298368 	 0 
109.000261 298368 	 0 
110.003301 303104 	 0 
111.00056 298368 	 0 
112.001467 298368 	 0 
113.002768 303104 	 0 
114.000581 288896 	 0 
115.003621 303104 	 0 
116.000208 298368 	 0 
117.000048 298368 	 0 
118.003088 303104 	 0 
119.000016 298368 	 0 
120.001253 298368 	 0 
121.002555 303104 	 0 
122.000533 298368 	 0 
123.00072 298368 	 0 
124.002693 293632 	 0 
124.332907 56832 	 0 
