0.10000000000000001 0
0.20000000000000001 0
0.30000000000000004 0
0.40000000000000002 0
0.5 0
0.59999999999999998 0
0.69999999999999996 0
0.79999999999999993 0
0.89999999999999991 0
0.99999999999999989 0
1.0999999999999999 2
1.2 0
1.3 0
1.4000000000000001 0
1.5000000000000002 6
1.6000000000000003 3
1.7000000000000004 0
1.8000000000000005 5
1.9000000000000006 11
2.0000000000000004 15
2.1000000000000005 14
2.2000000000000006 19
2.3000000000000007 19
2.4000000000000008 19
2.5000000000000009 19
2.600000000000001 19
2.7000000000000011 19
2.8000000000000012 19
2.9000000000000012 16
3.0000000000000013 9
3.1000000000000014 3
3.2000000000000015 0
3.3000000000000016 0
3.4000000000000017 0
3.5000000000000018 0
3.6000000000000019 0
3.700000000000002 0
3.800000000000002 0
3.9000000000000021 0
4.0000000000000018 0
4.1000000000000014 0
4.2000000000000011 0
4.3000000000000007 0
4.4000000000000004 0
4.5 0
4.5999999999999996 0
4.6999999999999993 0
4.7999999999999989 0
4.8999999999999986 0
4.9999999999999982 0
5.0999999999999979 0
5.1999999999999975 1
5.2999999999999972 0
5.3999999999999968 0
5.4999999999999964 0
5.5999999999999961 3
5.6999999999999957 0
5.7999999999999954 0
5.899999999999995 2
5.9999999999999947 3
6.0999999999999943 0
6.199999999999994 1
6.2999999999999936 4
6.3999999999999932 6
6.4999999999999929 0
6.5999999999999925 0
6.6999999999999922 0
6.7999999999999918 0
6.8999999999999915 0
6.9999999999999911 0
7.0999999999999908 0
7.1999999999999904 0
7.2999999999999901 0
7.3999999999999897 0
7.4999999999999893 1
7.599999999999989 1
7.6999999999999886 1
7.7999999999999883 1
7.8999999999999879 2
7.9999999999999876 2
8.0999999999999872 2
8.1999999999999869 3
8.2999999999999865 3
8.3999999999999861 3
8.4999999999999858 4
8.5999999999999854 3
8.6999999999999851 4
8.7999999999999847 5
8.8999999999999844 4
8.999999999999984 4
9.0999999999999837 6
9.1999999999999833 5
9.2999999999999829 5
9.3999999999999826 6
9.4999999999999822 6
9.5999999999999819 6
9.6999999999999815 7
9.7999999999999812 6
9.8999999999999808 7
9.9999999999999805 8
10.09999999999998 7
10.19999999999998 7
10.299999999999979 8
10.399999999999979 8
10.499999999999979 8
10.599999999999978 9
10.699999999999978 8
10.799999999999978 9
10.899999999999977 10
10.999999999999977 9
11.099999999999977 9
11.199999999999976 10
11.299999999999976 10
11.399999999999975 10
11.499999999999975 11
11.599999999999975 10
11.699999999999974 10
11.799999999999974 12
11.899999999999974 11
11.999999999999973 11
12.099999999999973 12
12.199999999999973 11
12.299999999999972 12
12.399999999999972 13
12.499999999999972 12
12.599999999999971 12
12.699999999999971 13
12.799999999999971 13
12.89999999999997 13
12.99999999999997 14
13.099999999999969 13
13.199999999999969 13
13.299999999999969 14
13.399999999999968 14
13.499999999999968 14
13.599999999999968 15
13.699999999999967 14
13.799999999999967 14
13.899999999999967 15
13.999999999999966 15
14.099999999999966 15
14.199999999999966 16
14.299999999999965 15
14.399999999999965 15
14.499999999999964 17
14.599999999999964 16
14.699999999999964 16
14.799999999999963 17
14.899999999999963 16
14.999999999999963 16
15.099999999999962 18
15.199999999999962 17
15.299999999999962 17
15.399999999999961 18
15.499999999999961 17
15.599999999999961 17
15.69999999999996 19
15.79999999999996 18
15.899999999999959 18
15.999999999999959 19
16.099999999999959 18
16.19999999999996 18
16.299999999999962 19
16.399999999999963 18
16.499999999999964 18
16.599999999999966 19
16.699999999999967 18
16.799999999999969 18
16.89999999999997 19
16.999999999999972 17
17.099999999999973 11
17.199999999999974 5
17.299999999999976 0
17.399999999999977 0
17.499999999999979 0
17.59999999999998 0
17.699999999999982 0
17.799999999999983 1
17.899999999999984 1
17.999999999999986 1
18.099999999999987 0
18.199999999999989 1
18.29999999999999 2
18.399999999999991 1
18.499999999999993 2
18.599999999999994 3
18.699999999999996 2
18.799999999999997 2
18.899999999999999 4
19 3
19.100000000000001 3
19.200000000000003 4
19.300000000000004 4
19.400000000000006 4
19.500000000000007 5
19.600000000000009 4
19.70000000000001 5
19.800000000000011 6
19.900000000000013 5
20.000000000000014 5
20.100000000000016 7
20.200000000000017 6
20.300000000000018 6
20.40000000000002 7
20.500000000000021 7
20.600000000000023 7
20.700000000000024 8
20.800000000000026 7
20.900000000000027 7
21.000000000000028 9
21.10000000000003 8
21.200000000000031 8
21.300000000000033 9
21.400000000000034 9
21.500000000000036 9
21.600000000000037 10
21.700000000000038 9
21.80000000000004 9
21.900000000000041 11
22.000000000000043 10
22.100000000000044 10
22.200000000000045 11
22.300000000000047 10
22.400000000000048 11
22.50000000000005 12
22.600000000000051 11
22.700000000000053 11
22.800000000000054 12
22.900000000000055 12
23.000000000000057 12
23.100000000000058 13
23.20000000000006 12
23.300000000000061 12
23.400000000000063 13
23.500000000000064 13
23.600000000000065 13
23.700000000000067 14
23.800000000000068 13
23.90000000000007 13
24.000000000000071 15
24.100000000000072 14
24.200000000000074 14
24.300000000000075 15
24.400000000000077 14
24.500000000000078 14
24.60000000000008 16
24.700000000000081 15
24.800000000000082 15
24.900000000000084 16
25.000000000000085 15
25.100000000000087 15
25.200000000000088 17
25.30000000000009 16
25.400000000000091 16
25.500000000000092 17
25.600000000000094 16
25.700000000000095 17
25.800000000000097 18
25.900000000000098 17
26.000000000000099 17
26.100000000000101 18
26.200000000000102 17
26.300000000000104 17
26.400000000000105 18
26.500000000000107 18
26.600000000000108 18
26.700000000000109 18
26.800000000000111 18
26.900000000000112 18
27.000000000000114 18
27.100000000000115 18
27.200000000000117 18
27.300000000000118 18
27.400000000000119 18
27.500000000000121 18
27.600000000000122 18
27.700000000000124 12
27.800000000000125 6
27.900000000000126 0
28.000000000000128 0
28.100000000000129 0
28.200000000000131 0
28.300000000000132 0
28.400000000000134 1
28.500000000000135 1
28.600000000000136 0
28.700000000000138 1
28.800000000000139 1
28.900000000000141 1
29.000000000000142 2
29.100000000000144 2
29.200000000000145 2
29.300000000000146 3
29.400000000000148 2
29.500000000000149 3
29.600000000000151 4
29.700000000000152 3
29.800000000000153 3
29.900000000000155 5
30.000000000000156 4
30.100000000000158 4
30.200000000000159 5
30.300000000000161 5
30.400000000000162 5
30.500000000000163 6
30.600000000000165 5
30.700000000000166 6
30.800000000000168 7
30.900000000000169 6
31.000000000000171 6
31.100000000000172 7
31.200000000000173 7
31.300000000000175 7
31.400000000000176 8
31.500000000000178 7
31.600000000000179 8
31.70000000000018 9
31.800000000000182 8
31.900000000000183 8
32.000000000000185 9
32.100000000000186 9
32.200000000000188 9
32.300000000000189 10
32.40000000000019 9
32.500000000000192 9
32.600000000000193 11
32.700000000000195 10
32.800000000000196 10
32.900000000000198 11
33.000000000000199 11
33.1000000000002 11
33.200000000000202 11
33.300000000000203 11
33.400000000000205 11
33.500000000000206 11
33.600000000000207 12
33.700000000000209 12
33.80000000000021 12
33.900000000000212 12
34.000000000000213 12
34.100000000000215 13
34.200000000000216 13
34.300000000000217 13
34.400000000000219 13
34.50000000000022 13
34.600000000000222 14
34.700000000000223 14
34.800000000000225 14
34.900000000000226 14
35.000000000000227 14
35.100000000000229 14
35.20000000000023 15
35.300000000000232 15
35.400000000000233 15
35.500000000000234 15
35.600000000000236 15
35.700000000000237 15
35.800000000000239 16
35.90000000000024 16
36.000000000000242 16
36.100000000000243 16
36.200000000000244 16
36.300000000000246 16
36.400000000000247 17
36.500000000000249 17
36.60000000000025 17
36.700000000000252 17
36.800000000000253 17
36.900000000000254 17
37.000000000000256 18
37.100000000000257 18
37.200000000000259 18
37.30000000000026 18
37.400000000000261 18
37.500000000000263 18
37.600000000000264 18
37.700000000000266 18
37.800000000000267 18
37.900000000000269 18
38.00000000000027 18
38.100000000000271 18
38.200000000000273 18
38.300000000000274 13
38.400000000000276 7
38.500000000000277 1
38.600000000000279 0
38.70000000000028 0
38.800000000000281 0
38.900000000000283 0
39.000000000000284 0
39.100000000000286 1
39.200000000000287 0
39.300000000000288 0
39.40000000000029 2
39.500000000000291 1
39.600000000000293 1
39.700000000000294 2
39.800000000000296 2
39.900000000000297 2
40.000000000000298 2
40.1000000000003 3
40.200000000000301 3
40.300000000000303 3
40.400000000000304 3
40.500000000000306 4
40.600000000000307 4
40.700000000000308 4
40.80000000000031 4
40.900000000000311 5
41.000000000000313 5
41.100000000000314 5
41.200000000000315 5
41.300000000000317 6
41.400000000000318 6
41.50000000000032 6
41.600000000000321 6
41.700000000000323 6
41.800000000000324 7
41.900000000000325 7
42.000000000000327 7
42.100000000000328 7
42.20000000000033 8
42.300000000000331 8
42.400000000000333 8
42.500000000000334 8
42.600000000000335 8
42.700000000000337 9
42.800000000000338 9
42.90000000000034 9
43.000000000000341 9
43.100000000000342 9
43.200000000000344 10
43.300000000000345 10
43.400000000000347 10
43.500000000000348 10
43.60000000000035 10
43.700000000000351 11
43.800000000000352 11
43.900000000000354 11
44.000000000000355 11
44.100000000000357 11
44.200000000000358 12
44.30000000000036 12
44.400000000000361 12
44.500000000000362 12
44.600000000000364 12
44.700000000000365 13
44.800000000000367 13
44.900000000000368 13
45.000000000000369 13
45.100000000000371 13
45.200000000000372 13
45.300000000000374 14
45.400000000000375 14
45.500000000000377 14
45.600000000000378 14
45.700000000000379 14
45.800000000000381 15
45.900000000000382 15
46.000000000000384 15
46.100000000000385 15
46.200000000000387 15
46.300000000000388 15
46.400000000000389 16
46.500000000000391 16
46.600000000000392 16
46.700000000000394 16
46.800000000000395 16
46.900000000000396 16
47.000000000000398 17
47.100000000000399 17
47.200000000000401 17
47.300000000000402 17
47.400000000000404 17
47.500000000000405 17
47.600000000000406 18
47.700000000000408 18
47.800000000000409 18
47.900000000000411 18
48.000000000000412 18
48.100000000000414 18
48.200000000000415 18
48.300000000000416 18
48.400000000000418 18
48.500000000000419 18
48.600000000000421 18
48.700000000000422 18
48.800000000000423 18
48.900000000000425 15
49.000000000000426 8
49.100000000000428 2
49.200000000000429 0
49.300000000000431 0
49.400000000000432 0
49.500000000000433 0
49.600000000000435 0
49.700000000000436 1
49.800000000000438 0
49.900000000000439 0
50.000000000000441 1
50.100000000000442 1
50.200000000000443 1
50.300000000000445 1
50.400000000000446 2
50.500000000000448 2
50.600000000000449 2
50.70000000000045 3
50.800000000000452 3
50.900000000000453 3
51.000000000000455 3
51.100000000000456 4
51.200000000000458 4
51.300000000000459 4
51.40000000000046 4
51.500000000000462 5
51.600000000000463 5
51.700000000000465 5
51.800000000000466 5
51.900000000000468 5
52.000000000000469 6
52.10000000000047 6
52.200000000000472 6
52.300000000000473 6
52.400000000000475 7
52.500000000000476 7
52.600000000000477 7
52.700000000000479 7
52.80000000000048 8
52.900000000000482 8
53.000000000000483 8
53.100000000000485 8
53.200000000000486 8
53.300000000000487 9
53.400000000000489 9
53.50000000000049 9
53.600000000000492 9
53.700000000000493 9
53.800000000000495 10
53.900000000000496 10
54.000000000000497 10
54.100000000000499 10
54.2000000000005 10
54.300000000000502 11
54.400000000000503 11
54.500000000000504 11
54.600000000000506 11
54.700000000000507 11
54.800000000000509 12
54.90000000000051 12
55.000000000000512 12
55.100000000000513 12
55.200000000000514 12
55.300000000000516 13
55.400000000000517 13
55.500000000000519 13
55.60000000000052 13
55.700000000000522 13
55.800000000000523 13
55.900000000000524 14
56.000000000000526 14
56.100000000000527 14
56.200000000000529 14
56.30000000000053 14
56.400000000000531 15
56.500000000000533 15
56.600000000000534 15
56.700000000000536 15
56.800000000000537 15
56.900000000000539 15
57.00000000000054 16
57.100000000000541 16
57.200000000000543 16
57.300000000000544 16
57.400000000000546 16
57.500000000000547 16
57.600000000000549 17
57.70000000000055 17
57.800000000000551 17
57.900000000000553 17
58.000000000000554 17
58.100000000000556 17
58.200000000000557 18
58.300000000000558 18
58.40000000000056 18
58.500000000000561 18
58.600000000000563 18
58.700000000000564 18
58.800000000000566 18
58.900000000000567 18
59.000000000000568 18
59.10000000000057 18
59.200000000000571 18
59.300000000000573 18
59.400000000000574 18
59.500000000000576 16
59.600000000000577 10
59.700000000000578 3
59.80000000000058 0
59.900000000000581 0
60.000000000000583 0
60.100000000000584 0
60.200000000000585 0
60.300000000000587 1
60.400000000000588 1
60.50000000000059 0
60.600000000000591 1
60.700000000000593 1
60.800000000000594 1
60.900000000000595 1
61.000000000000597 2
61.100000000000598 2
61.2000000000006 2
61.300000000000601 2
61.400000000000603 3
61.500000000000604 3
61.600000000000605 3
61.700000000000607 3
61.800000000000608 4
61.90000000000061 4
62.000000000000611 4
62.100000000000612 4
62.200000000000614 5
62.300000000000615 5
62.400000000000617 5
62.500000000000618 5
62.60000000000062 6
62.700000000000621 6
62.800000000000622 6
62.900000000000624 6
63.000000000000625 7
63.100000000000627 7
63.200000000000628 7
63.30000000000063 7
63.400000000000631 7
63.500000000000632 8
63.600000000000634 8
63.700000000000635 8
63.800000000000637 8
63.900000000000638 9
64.000000000000639 9
64.100000000000634 9
64.200000000000628 9
64.300000000000622 9
64.400000000000617 10
64.500000000000611 10
64.600000000000605 10
64.7000000000006 10
64.800000000000594 10
64.900000000000588 11
65.000000000000583 11
65.100000000000577 11
65.200000000000571 11
65.300000000000566 11
65.40000000000056 12
65.500000000000554 12
65.600000000000549 12
65.700000000000543 12
65.800000000000537 12
65.900000000000531 13
66.000000000000526 13
66.10000000000052 13
66.200000000000514 13
66.300000000000509 13
66.400000000000503 13
66.500000000000497 14
66.600000000000492 14
66.700000000000486 14
66.80000000000048 14
66.900000000000475 14
67.000000000000469 14
67.100000000000463 15
67.200000000000458 15
67.300000000000452 15
67.400000000000446 15
67.500000000000441 15
67.600000000000435 16
67.700000000000429 16
67.800000000000423 16
67.900000000000418 16
68.000000000000412 16
68.100000000000406 16
68.200000000000401 17
68.300000000000395 17
68.400000000000389 17
68.500000000000384 17
68.600000000000378 17
68.700000000000372 17
68.800000000000367 18
68.900000000000361 18
69.000000000000355 18
69.10000000000035 18
69.200000000000344 18
69.300000000000338 18
69.400000000000333 18
69.500000000000327 18
69.600000000000321 18
69.700000000000315 18
69.80000000000031 18
69.900000000000304 18
70.000000000000298 18
70.100000000000293 17
70.200000000000287 11
70.300000000000281 5
70.400000000000276 0
70.50000000000027 0
70.600000000000264 0
70.700000000000259 0
70.800000000000253 0
70.900000000000247 1
71.000000000000242 1
71.100000000000236 0
71.20000000000023 0
71.300000000000225 1
71.400000000000219 1
71.500000000000213 1
71.600000000000207 2
71.700000000000202 2
71.800000000000196 2
71.90000000000019 2
72.000000000000185 3
72.100000000000179 3
72.200000000000173 3
72.300000000000168 3
72.400000000000162 4
72.500000000000156 4
72.600000000000151 4
72.700000000000145 4
72.800000000000139 5
72.900000000000134 5
73.000000000000128 5
73.100000000000122 5
73.200000000000117 6
73.300000000000111 6
73.400000000000105 6
73.500000000000099 6
73.600000000000094 7
73.700000000000088 7
73.800000000000082 7
73.900000000000077 7
74.000000000000071 7
74.100000000000065 8
74.20000000000006 8
74.300000000000054 8
74.400000000000048 8
74.500000000000043 9
74.600000000000037 9
74.700000000000031 9
74.800000000000026 9
74.90000000000002 9
75.000000000000014 10
75.100000000000009 10
75.200000000000003 10
75.299999999999997 10
75.399999999999991 10
75.499999999999986 11
75.59999999999998 11
75.699999999999974 11
75.799999999999969 11
75.899999999999963 11
75.999999999999957 12
76.099999999999952 12
76.199999999999946 12
76.29999999999994 12
76.399999999999935 12
76.499999999999929 12
76.599999999999923 13
76.699999999999918 13
76.799999999999912 13
76.899999999999906 13
76.999999999999901 13
77.099999999999895 14
77.199999999999889 14
77.299999999999883 14
77.399999999999878 14
77.499999999999872 14
77.599999999999866 14
77.699999999999861 15
77.799999999999855 15
77.899999999999849 15
77.999999999999844 15
78.099999999999838 15
78.199999999999832 15
78.299999999999827 16
78.399999999999821 16
78.499999999999815 16
78.59999999999981 17
78.699999999999804 16
78.799999999999798 17
78.899999999999793 18
78.999999999999787 17
79.099999999999781 17
79.199999999999775 18
79.29999999999977 17
79.399999999999764 17
79.499999999999758 19
79.599999999999753 18
79.699999999999747 18
79.799999999999741 19
79.899999999999736 18
79.99999999999973 18
80.099999999999724 19
80.199999999999719 18
80.299999999999713 18
80.399999999999707 19
80.499999999999702 18
80.599999999999696 18
80.69999999999969 19
80.799999999999685 12
80.899999999999679 6
80.999999999999673 0
81.099999999999667 0
81.199999999999662 0
81.299999999999656 0
81.39999999999965 0
81.499999999999645 1
81.599999999999639 1
81.699999999999633 0
81.799999999999628 0
81.899999999999622 1
81.999999999999616 1
82.099999999999611 1
82.199999999999605 2
82.299999999999599 2
82.399999999999594 2
82.499999999999588 2
82.599999999999582 3
82.699999999999577 3
82.799999999999571 3
82.899999999999565 3
82.999999999999559 4
83.099999999999554 4
83.199999999999548 4
83.299999999999542 4
83.399999999999537 5
83.499999999999531 5
83.599999999999525 5
83.69999999999952 5
83.799999999999514 6
83.899999999999508 6
83.999999999999503 6
84.099999999999497 6
84.199999999999491 6
84.299999999999486 7
84.39999999999948 7
84.499999999999474 7
84.599999999999469 7
84.699999999999463 8
84.799999999999457 8
84.899999999999451 8
84.999999999999446 8
85.09999999999944 8
85.199999999999434 9
85.299999999999429 9
85.399999999999423 10
85.499999999999417 9
85.599999999999412 9
85.699999999999406 11
85.7999999999994 10
85.899999999999395 10
85.999999999999389 11
86.099999999999383 11
86.199999999999378 11
86.299999999999372 12
86.399999999999366 11
86.499999999999361 11
86.599999999999355 12
86.699999999999349 12
86.799999999999343 12
86.899999999999338 13
86.999999999999332 12
87.099999999999326 12
87.199999999999321 14
87.299999999999315 13
87.399999999999309 13
87.499999999999304 14
87.599999999999298 13
87.699999999999292 14
87.799999999999287 15
87.899999999999281 14
87.999999999999275 14
88.09999999999927 15
88.199999999999264 14
88.299999999999258 15
88.399999999999253 16
88.499999999999247 15
88.599999999999241 15
88.699999999999235 16
88.79999999999923 15
88.899999999999224 16
88.999999999999218 17
89.099999999999213 16
89.199999999999207 16
89.299999999999201 17
89.399999999999196 16
89.49999999999919 17
89.599999999999184 18
89.699999999999179 17
89.799999999999173 17
89.899999999999167 18
89.999999999999162 17
90.099999999999156 18
90.19999999999915 19
90.299999999999145 18
90.399999999999139 18
90.499999999999133 19
90.599999999999127 18
90.699999999999122 18
90.799999999999116 19
90.89999999999911 18
90.999999999999105 18
91.099999999999099 19
91.199999999999093 18
91.299999999999088 18
91.399999999999082 14
91.499999999999076 7
91.599999999999071 1
91.699999999999065 0
91.799999999999059 0
91.899999999999054 0
91.999999999999048 0
92.099999999999042 0
92.199999999999037 1
92.299999999999031 0
92.399999999999025 0
92.499999999999019 2
92.599999999999014 1
92.699999999999008 1
92.799999999999002 2
92.899999999998997 2
92.999999999998991 2
93.099999999998985 3
93.19999999999898 3
93.299999999998974 3
93.399999999998968 4
93.499999999998963 3
93.599999999998957 4
93.699999999998951 5
93.799999999998946 4
93.89999999999894 4
93.999999999998934 6
94.099999999998929 5
94.199999999998923 5
94.299999999998917 6
94.399999999998911 6
94.499999999998906 6
94.5999999999989 7
94.699999999998894 6
94.799999999998889 6
94.899999999998883 8
94.999999999998877 7
95.099999999998872 7
95.199999999998866 8
95.29999999999886 8
95.399999999998855 8
95.499999999998849 9
95.599999999998843 8
95.699999999998838 8
95.799999999998832 10
95.899999999998826 9
95.99999999999882 9
96.099999999998815 10
96.199999999998809 9
96.299999999998803 10
96.399999999998798 11
96.499999999998792 10
96.599999999998786 10
96.699999999998781 11
96.799999999998775 11
96.899999999998769 11
96.999999999998764 12
97.099999999998758 11
97.199999999998752 11
97.299999999998747 13
97.399999999998741 12
97.499999999998735 12
97.59999999999873 13
97.699999999998724 12
97.799999999998718 13
97.899999999998712 14
97.999999999998707 13
98.099999999998701 13
98.199999999998695 14
98.29999999999869 13
98.399999999998684 14
98.499999999998678 15
98.599999999998673 14
98.699999999998667 14
98.799999999998661 15
98.899999999998656 15
98.99999999999865 15
99.099999999998644 16
99.199999999998639 15
99.299999999998633 15
99.399999999998627 16
99.499999999998622 16
99.599999999998616 16
99.69999999999861 17
99.799999999998604 16
99.899999999998599 16
99.999999999998593 17
100.09999999999859 17
100.19999999999858 17
100.29999999999858 18
100.39999999999857 17
100.49999999999856 17
100.59999999999856 18
100.69999999999855 18
100.79999999999855 18
100.89999999999854 19
100.99999999999854 18
101.09999999999853 18
101.19999999999852 19
101.29999999999852 18
101.39999999999851 18
101.49999999999851 19
101.5999999999985 18
101.6999999999985 18
101.79999999999849 19
101.89999999999849 18
101.99999999999848 15
102.09999999999847 9
102.19999999999847 2
102.29999999999846 0
102.39999999999846 0
102.49999999999845 0
102.59999999999845 0
102.69999999999844 0
102.79999999999843 1
102.89999999999843 1
102.99999999999842 0
103.09999999999842 1
103.19999999999841 2
103.29999999999841 1
103.3999999999984 1
103.49999999999839 3
103.59999999999839 2
103.69999999999838 2
103.79999999999838 3
103.89999999999837 3
103.99999999999837 3
104.09999999999836 4
104.19999999999835 4
104.29999999999835 4
104.39999999999834 5
104.49999999999834 4
104.59999999999833 5
104.69999999999833 6
104.79999999999832 5
104.89999999999831 5
104.99999999999831 6
105.0999999999983 6
105.1999999999983 6
105.29999999999829 7
105.39999999999829 6
105.49999999999828 7
105.59999999999827 8
105.69999999999827 7
105.79999999999826 7
105.89999999999826 8
105.99999999999825 8
106.09999999999825 8
106.19999999999824 9
106.29999999999824 8
106.39999999999823 9
106.49999999999822 10
106.59999999999822 9
106.69999999999821 9
106.79999999999821 10
106.8999999999982 10
106.9999999999982 10
107.09999999999819 11
107.19999999999818 10
107.29999999999818 10
107.39999999999817 12
107.49999999999817 11
107.59999999999816 11
107.69999999999816 12
107.79999999999815 11
107.89999999999814 12
107.99999999999814 13
108.09999999999813 12
108.19999999999813 12
108.29999999999812 13
108.39999999999812 13
108.49999999999811 13
108.5999999999981 14
108.6999999999981 13
108.79999999999809 13
108.89999999999809 14
108.99999999999808 14
109.09999999999808 14
109.19999999999807 15
109.29999999999806 14
109.39999999999806 14
109.49999999999805 16
109.59999999999805 15
109.69999999999804 15
109.79999999999804 16
109.89999999999803 15
109.99999999999802 15
110.09999999999802 17
110.19999999999801 16
110.29999999999801 16
110.399999999998 16
110.499999999998 16
110.59999999999799 16
110.69999999999798 17
110.79999999999798 17
110.89999999999797 17
110.99999999999797 17
111.09999999999796 17
111.19999999999796 17
111.29999999999795 18
111.39999999999795 18
111.49999999999794 18
111.59999999999793 18
111.69999999999793 18
111.79999999999792 18
111.89999999999792 18
111.99999999999791 18
112.09999999999791 18
112.1999999999979 18
112.29999999999789 18
112.39999999999789 18
112.49999999999788 18
112.59999999999788 16
112.69999999999787 10
112.79999999999787 3
112.89999999999786 0
112.99999999999785 0
113.09999999999785 0
113.19999999999784 0
113.29999999999784 0
113.39999999999783 1
113.49999999999783 1
113.59999999999782 1
113.69999999999781 1
113.79999999999781 1
113.8999999999978 2
113.9999999999978 1
114.09999999999779 2
114.19999999999779 3
114.29999999999778 2
114.39999999999777 2
114.49999999999777 4
114.59999999999776 3
114.69999999999776 3
114.79999999999775 4
114.89999999999775 4
114.99999999999774 4
115.09999999999773 5
115.19999999999773 4
115.29999999999772 5
115.39999999999772 6
115.49999999999771 5
115.59999999999771 5
115.6999999999977 7
115.79999999999769 6
115.89999999999769 6
115.99999999999768 7
116.09999999999768 7
116.19999999999767 7
116.29999999999767 8
116.39999999999766 7
116.49999999999766 7
116.59999999999765 9
116.69999999999764 8
116.79999999999764 8
116.89999999999763 9
116.99999999999763 9
117.09999999999762 9
117.19999999999762 9
117.29999999999761 9
117.3999999999976 9
117.4999999999976 10
117.59999999999759 10
117.69999999999759 10
117.79999999999758 10
117.89999999999758 10
117.99999999999757 11
118.09999999999756 11
118.19999999999756 11
118.29999999999755 11
118.39999999999755 11
118.49999999999754 12
118.59999999999754 12
118.69999999999753 12
118.79999999999752 12
118.89999999999752 12
118.99999999999751 12
119.09999999999751 13
119.1999999999975 13
119.2999999999975 13
119.39999999999749 13
119.49999999999748 13
119.59999999999748 14
119.69999999999747 14
119.79999999999747 14
119.89999999999746 14
119.99999999999746 14
120.09999999999745 14
120.19999999999744 15
120.29999999999744 15
120.39999999999743 15
120.49999999999743 15
120.59999999999742 15
120.69999999999742 16
120.79999999999741 16
120.89999999999741 16
120.9999999999974 16
121.09999999999739 16
121.19999999999739 16
121.29999999999738 17
121.39999999999738 17
121.49999999999737 17
121.59999999999737 17
121.69999999999736 17
121.79999999999735 17
121.89999999999735 18
121.99999999999734 18
122.09999999999734 18
122.19999999999733 18
122.29999999999733 18
122.39999999999732 18
122.49999999999731 18
122.59999999999731 18
122.6999999999973 18
122.7999999999973 18
122.89999999999729 18
122.99999999999729 18
123.09999999999728 18
123.19999999999727 17
123.29999999999727 11
123.39999999999726 5
123.49999999999726 0
123.59999999999725 0
123.69999999999725 0
123.79999999999724 0
123.89999999999723 0
123.99999999999723 1
124.09999999999722 0
124.19999999999722 0
124.29999999999721 0
124.39999999999721 0
124.4999999999972 0
124.59999999999719 0
124.69999999999719 0
124.79999999999718 0
124.89999999999718 0
124.99999999999717 0
