0.10000000000000001 1
0.20000000000000001 1
0.30000000000000004 1
0.40000000000000002 1
0.5 2
0.59999999999999998 2
0.69999999999999996 2
0.79999999999999993 4
0.89999999999999991 4
0.99999999999999989 4
1.0999999999999999 7
1.2 8
1.3 8
1.4000000000000001 9
1.5000000000000002 15
1.6000000000000003 16
1.7000000000000004 16
1.8000000000000005 21
1.9000000000000006 28
2.0000000000000004 32
2.1000000000000005 36
2.2000000000000006 42
2.3000000000000007 48
2.4000000000000008 55
2.5000000000000009 61
2.600000000000001 67
2.7000000000000011 74
2.8000000000000012 80
2.9000000000000012 40
3.0000000000000013 40
3.1000000000000014 40
3.2000000000000015 40
3.3000000000000016 40
3.4000000000000017 40
3.5000000000000018 40.025
3.6000000000000019 40.025
3.700000000000002 40.025
3.800000000000002 40.025
3.9000000000000021 40.025
4.0000000000000018 40.025
4.1000000000000014 40.025
4.2000000000000011 1
4.3000000000000007 1
4.4000000000000004 1
4.5 1
4.5999999999999996 2
4.6999999999999993 2
4.7999999999999989 2
4.8999999999999986 3
4.9999999999999982 3
5.0999999999999979 3
5.1999999999999975 5
5.2999999999999972 5
5.3999999999999968 5
5.4999999999999964 6
5.5999999999999961 8
5.6999999999999957 8
5.7999999999999954 8
5.899999999999995 11
5.9999999999999947 13
6.0999999999999943 13
6.199999999999994 14
6.2999999999999936 18
6.3999999999999932 20
6.4999999999999929 20.05
6.5999999999999925 20.1993
6.6999999999999922 20.3474
6.7999999999999918 20.4945
6.8999999999999915 20.6405
6.9999999999999911 20.7855
7.0999999999999908 20.9773
7.1999999999999904 21.1674
7.2999999999999901 21.4492
7.3999999999999897 21.7735
7.4999999999999893 22.0476
7.599999999999989 22.3184
7.6999999999999886 22.6301
7.7999999999999883 22.894
7.8999999999999879 23.1548
7.9999999999999876 23.4555
8.0999999999999872 23.7101
8.1999999999999869 23.9621
8.2999999999999865 24.2527
8.3999999999999861 24.499
8.4999999999999858 24.7429
8.5999999999999854 25.0245
8.6999999999999851 25.2633
8.7999999999999847 25.4999
8.8999999999999844 25.7731
8.999999999999984 26.0051
9.0999999999999837 26.2349
9.1999999999999833 26.5006
9.2999999999999829 26.7262
9.3999999999999826 26.9499
9.4999999999999822 27.2086
9.5999999999999819 27.4284
9.6999999999999815 27.6464
9.7999999999999812 27.8986
9.8999999999999808 28.113
9.9999999999999805 28.3258
10.09999999999998 28.572
10.19999999999998 28.7813
10.299999999999979 28.9892
10.399999999999979 29.2298
10.499999999999979 29.4344
10.599999999999978 29.6377
10.699999999999978 29.8731
10.799999999999978 30.0734
10.899999999999977 30.2723
10.999999999999977 30.5028
11.099999999999977 30.699
11.199999999999976 30.8939
11.299999999999976 31.1198
11.399999999999975 31.3121
11.499999999999975 31.5032
11.599999999999975 31.7248
11.699999999999974 31.9134
11.799999999999974 32.101
11.899999999999974 32.3184
11.999999999999973 32.5036
12.099999999999973 32.6878
12.199999999999973 32.9013
12.299999999999972 33.0833
12.399999999999972 33.2642
12.499999999999972 33.4741
12.599999999999971 33.6529
12.699999999999971 33.8308
12.799999999999971 34.0372
12.89999999999997 34.2131
12.99999999999997 34.3881
13.099999999999969 34.5912
13.199999999999969 34.7643
13.299999999999969 34.9365
13.399999999999968 35.1364
13.499999999999968 35.3068
13.599999999999968 35.4764
13.699999999999967 35.6732
13.799999999999967 35.8411
13.899999999999967 36.0082
13.999999999999966 36.2021
14.099999999999966 36.3675
14.199999999999966 36.5322
14.299999999999965 36.7234
14.399999999999965 36.8865
14.499999999999964 37.0488
14.599999999999964 37.2374
14.699999999999964 37.3982
14.799999999999963 37.5584
14.899999999999963 37.7443
14.999999999999963 37.903
15.099999999999962 38.0611
15.199999999999962 38.2446
15.299999999999962 38.4012
15.399999999999961 38.5572
15.499999999999961 38.7384
15.599999999999961 38.893
15.69999999999996 39.047
15.79999999999996 39.2259
15.899999999999959 39.3786
15.999999999999959 39.5308
16.099999999999959 39.7075
16.19999999999996 39.8584
16.299999999999962 40.0087
16.399999999999963 40.1833
16.499999999999964 40.3324
16.599999999999966 40.4809
16.699999999999967 40.6535
16.799999999999969 40.8009
16.89999999999997 40.9477
16.999999999999972 20.4983
17.099999999999973 20.4983
17.199999999999974 20.4983
17.299999999999976 20.4983
17.399999999999977 20.4983
17.499999999999979 20.4983
17.59999999999998 20.5471
17.699999999999982 20.8374
17.799999999999983 21.171
17.899999999999984 21.4529
17.999999999999986 21.6849
18.099999999999987 22.0057
18.199999999999989 22.277
18.29999999999999 22.545
18.399999999999991 22.8536
18.499999999999993 23.1149
18.599999999999994 23.3733
18.699999999999996 23.6712
18.799999999999997 23.9235
18.899999999999999 24.1732
19 24.4613
19.100000000000001 24.7056
19.200000000000003 24.9475
19.300000000000004 25.2267
19.400000000000006 25.4636
19.500000000000007 25.6984
19.600000000000009 25.9695
19.70000000000001 26.1997
19.800000000000011 26.4279
19.900000000000013 26.6916
20.000000000000014 26.9156
20.100000000000016 27.1378
20.200000000000017 27.3947
20.300000000000018 27.613
20.40000000000002 27.8296
20.500000000000021 28.0801
20.600000000000023 28.2931
20.700000000000024 28.5046
20.800000000000026 28.7492
20.900000000000027 28.9573
21.000000000000028 29.1639
21.10000000000003 29.4031
21.200000000000031 29.6065
21.300000000000033 29.8086
21.400000000000034 30.0427
21.500000000000036 30.2418
21.600000000000037 30.4397
21.700000000000038 30.6689
21.80000000000004 30.864
21.900000000000041 31.0579
22.000000000000043 31.2826
22.100000000000044 31.4739
22.200000000000045 31.6641
22.300000000000047 31.8845
22.400000000000048 32.0722
22.50000000000005 32.2588
22.600000000000051 32.4752
22.700000000000053 32.6595
22.800000000000054 32.8428
22.900000000000055 33.0554
23.000000000000057 33.2365
23.100000000000058 33.4166
23.20000000000006 33.6255
23.300000000000061 33.8036
23.400000000000063 33.9807
23.500000000000064 34.1861
23.600000000000065 34.3613
23.700000000000067 34.5355
23.800000000000068 34.7377
23.90000000000007 34.9101
24.000000000000071 35.0816
24.100000000000072 35.2806
24.200000000000074 35.4504
24.300000000000075 35.6193
24.400000000000077 35.8153
24.500000000000078 35.9825
24.60000000000008 36.149
24.700000000000081 36.3422
24.800000000000082 36.5069
24.900000000000084 36.671
25.000000000000085 36.8615
25.100000000000087 37.0239
25.200000000000088 37.1857
25.30000000000009 37.3735
25.400000000000091 37.5338
25.500000000000092 37.6934
25.600000000000094 37.8787
25.700000000000095 38.0368
25.800000000000097 38.1943
25.900000000000098 38.3772
26.000000000000099 38.5332
26.100000000000101 38.6887
26.200000000000102 38.8693
26.300000000000104 39.0234
26.400000000000105 39.1769
26.500000000000107 39.3552
26.600000000000108 39.5074
26.700000000000109 39.659
26.800000000000111 39.8352
26.900000000000112 39.9856
27.000000000000114 40.1354
27.100000000000115 40.3095
27.200000000000117 40.4581
27.300000000000118 40.6062
27.400000000000119 40.7783
27.500000000000121 40.9252
27.600000000000122 20.4992
27.700000000000124 20.4992
27.800000000000125 20.4992
27.900000000000126 20.4992
28.000000000000128 20.4992
28.100000000000129 20.4992
28.200000000000131 20.4992
28.300000000000132 20.7902
28.400000000000134 21.0771
28.500000000000135 21.407
28.600000000000136 21.6396
28.700000000000138 21.9154
28.800000000000139 22.2328
28.900000000000141 22.5014
29.000000000000142 22.7667
29.100000000000144 23.0724
29.200000000000145 23.3313
29.300000000000146 23.5873
29.400000000000148 23.8824
29.500000000000149 24.1326
29.600000000000151 24.3802
29.700000000000152 24.6658
29.800000000000153 24.9081
29.900000000000155 25.148
30.000000000000156 25.4251
30.100000000000158 25.6601
30.200000000000159 25.8931
30.300000000000161 26.1622
30.400000000000162 26.3907
30.500000000000163 26.6173
30.600000000000165 26.8792
30.700000000000166 27.1016
30.800000000000168 27.3223
30.900000000000169 27.5774
31.000000000000171 27.7943
31.100000000000172 28.0095
31.200000000000173 28.2584
31.300000000000175 28.4701
31.400000000000176 28.6802
31.500000000000178 28.9234
31.600000000000179 29.1302
31.70000000000018 29.3356
31.800000000000182 29.5734
31.900000000000183 29.7757
32.000000000000185 29.9766
32.100000000000186 30.2094
32.200000000000188 30.4074
32.300000000000189 30.6042
32.40000000000019 30.8322
32.500000000000192 31.0263
32.600000000000193 31.2192
32.700000000000195 31.4427
32.800000000000196 31.6331
32.900000000000198 31.8223
33.000000000000199 32.0416
33.1000000000002 32.2284
33.200000000000202 32.4141
33.300000000000203 32.6295
33.400000000000205 32.8129
33.500000000000206 32.9954
33.600000000000207 33.2069
33.700000000000209 33.3872
33.80000000000021 33.5665
33.900000000000212 33.7745
34.000000000000213 33.9518
34.100000000000215 34.1281
34.200000000000216 34.3327
34.300000000000217 34.5071
34.400000000000219 34.6806
34.50000000000022 34.8819
34.600000000000222 35.0536
34.700000000000223 35.2244
34.800000000000225 35.4227
34.900000000000226 35.5917
35.000000000000227 35.76
35.100000000000229 35.9553
35.20000000000023 36.1218
35.300000000000232 36.2876
35.400000000000233 36.4801
35.500000000000234 36.6442
35.600000000000236 36.8077
35.700000000000237 36.9974
35.800000000000239 37.1593
35.90000000000024 37.3205
36.000000000000242 37.5076
36.100000000000243 37.6673
36.200000000000244 37.8263
36.300000000000246 38.011
36.400000000000247 38.1686
36.500000000000249 38.3255
36.60000000000025 38.5078
36.700000000000252 38.6633
36.800000000000253 38.8183
36.900000000000254 38.9982
37.000000000000256 39.1518
37.100000000000257 39.3048
37.200000000000259 39.4826
37.30000000000026 39.6343
37.400000000000261 39.7854
37.500000000000263 39.9611
37.600000000000264 40.111
37.700000000000266 40.2603
37.800000000000267 40.4339
37.900000000000269 40.582
38.00000000000027 40.7297
38.100000000000271 40.9012
38.200000000000273 40.9989
38.300000000000274 20.4995
38.400000000000276 20.4995
38.500000000000277 20.4995
38.600000000000279 20.4995
38.70000000000028 20.4995
38.800000000000281 20.4995
38.900000000000283 20.7422
39.000000000000284 21.0298
39.100000000000286 21.3135
39.200000000000287 21.5935
39.300000000000288 21.8699
39.40000000000029 22.1428
39.500000000000291 22.4571
39.600000000000293 22.7229
39.700000000000294 22.9857
39.800000000000296 23.2885
39.900000000000297 23.545
40.000000000000298 23.7987
40.1000000000003 24.0913
40.200000000000301 24.3393
40.300000000000303 24.5847
40.400000000000304 24.8681
40.500000000000306 25.1084
40.600000000000307 25.3464
40.700000000000308 25.6213
40.80000000000031 25.8546
40.900000000000311 26.0858
41.000000000000313 26.353
41.100000000000314 26.5798
41.200000000000315 26.8048
41.300000000000317 27.0648
41.400000000000318 27.2858
41.50000000000032 27.5049
41.600000000000321 27.7584
41.700000000000323 27.9739
41.800000000000324 28.1877
41.900000000000325 28.4351
42.000000000000327 28.6455
42.100000000000328 28.8543
42.20000000000033 29.096
42.300000000000331 29.3016
42.400000000000333 29.5058
42.500000000000334 29.7422
42.600000000000335 29.9434
42.700000000000337 30.1432
42.800000000000338 30.3747
42.90000000000034 30.5717
43.000000000000341 30.7674
43.100000000000342 30.9942
43.200000000000344 31.1873
43.300000000000345 31.3792
43.400000000000347 31.6016
43.500000000000348 31.791
43.60000000000035 31.9793
43.700000000000351 32.1975
43.800000000000352 32.3834
43.900000000000354 32.5683
44.000000000000355 32.7826
44.100000000000357 32.9652
44.200000000000358 33.1468
44.30000000000036 33.3574
44.400000000000361 33.5369
44.500000000000362 33.7154
44.600000000000364 33.9224
44.700000000000365 34.0989
44.800000000000367 34.2745
44.900000000000368 34.4782
45.000000000000369 34.6519
45.100000000000371 34.8247
45.200000000000372 35.0252
45.300000000000374 35.1961
45.400000000000375 35.3663
45.500000000000377 35.5637
45.600000000000378 35.7321
45.700000000000379 35.8997
45.800000000000381 36.0942
45.900000000000382 36.2602
46.000000000000384 36.4253
46.100000000000385 36.6171
46.200000000000387 36.7806
46.300000000000388 36.9434
46.400000000000389 37.1325
46.500000000000391 37.2938
46.600000000000392 37.4544
46.700000000000394 37.6409
46.800000000000395 37.8
46.900000000000396 37.9585
47.000000000000398 38.1425
47.100000000000399 38.2995
47.200000000000401 38.4559
47.300000000000402 38.6376
47.400000000000404 38.7926
47.500000000000405 38.947
47.600000000000406 39.1264
47.700000000000408 39.2795
47.800000000000409 39.4574
47.900000000000411 39.6092
48.000000000000412 39.7604
48.100000000000414 39.9361
48.200000000000415 40.0861
48.300000000000416 40.2356
48.400000000000418 40.4092
48.500000000000419 40.5575
48.600000000000421 40.7052
48.700000000000422 40.8769
48.800000000000423 40.999
48.900000000000425 20.4995
49.000000000000426 20.4995
49.100000000000428 20.4995
49.200000000000429 20.4995
49.300000000000431 20.4995
49.400000000000432 20.4995
49.500000000000433 20.6455
49.600000000000435 20.9822
49.700000000000436 21.2666
49.800000000000438 21.5007
49.900000000000439 21.8241
50.000000000000441 22.0976
50.100000000000442 22.3678
50.200000000000443 22.6789
50.300000000000445 22.9422
50.400000000000446 23.2025
50.500000000000448 23.5025
50.600000000000449 23.7566
50.70000000000045 24.0081
50.800000000000452 24.2982
50.900000000000453 24.5441
51.000000000000455 24.7875
51.100000000000456 25.0685
51.200000000000458 25.3069
51.300000000000459 25.5431
51.40000000000046 25.8159
51.500000000000462 26.0475
51.600000000000463 26.277
51.700000000000465 26.5422
51.800000000000466 26.7675
51.900000000000468 26.9908
52.000000000000469 27.2491
52.10000000000047 27.4686
52.200000000000472 27.6863
52.300000000000473 27.9382
52.400000000000475 28.1522
52.500000000000476 28.3647
52.600000000000477 28.6106
52.700000000000479 28.8196
52.80000000000048 29.0272
52.900000000000482 29.2675
53.000000000000483 29.4719
53.100000000000485 29.6749
53.200000000000486 29.91
53.300000000000487 30.1101
53.400000000000489 30.3088
53.50000000000049 30.539
53.600000000000492 30.7349
53.700000000000493 30.9296
53.800000000000495 31.1552
53.900000000000496 31.3473
54.000000000000497 31.5383
54.100000000000499 31.7595
54.2000000000005 31.948
54.300000000000502 32.1353
54.400000000000503 32.3525
54.500000000000504 32.5376
54.600000000000506 32.7521
54.700000000000507 32.9349
54.800000000000509 33.1166
54.90000000000051 33.3274
55.000000000000512 33.507
55.100000000000513 33.6857
55.200000000000514 33.893
55.300000000000516 34.0696
55.400000000000517 34.2453
55.500000000000519 34.4492
55.60000000000052 34.623
55.700000000000522 34.796
55.800000000000523 34.9967
55.900000000000524 35.1677
56.000000000000526 35.338
56.100000000000527 35.5356
56.200000000000529 35.7041
56.30000000000053 35.8719
56.400000000000531 36.0665
56.500000000000533 36.2326
56.600000000000534 36.3979
56.700000000000536 36.5898
56.800000000000537 36.7534
56.900000000000539 36.9164
57.00000000000054 37.1056
57.100000000000541 37.267
57.200000000000543 37.4277
57.300000000000544 37.6143
57.400000000000546 37.7736
57.500000000000547 37.9321
57.600000000000549 38.1163
57.70000000000055 38.2734
57.800000000000551 38.4299
57.900000000000553 38.6117
58.000000000000554 38.7668
58.100000000000556 38.9214
58.200000000000557 39.1009
58.300000000000558 39.2541
58.40000000000056 39.4067
58.500000000000561 39.5839
58.600000000000563 39.7353
58.700000000000564 39.886
58.800000000000566 40.0612
58.900000000000567 40.2108
59.000000000000568 40.3597
59.10000000000057 40.5329
59.200000000000571 40.6807
59.300000000000573 40.8279
59.400000000000574 40.9991
59.500000000000576 20.4995
59.600000000000577 20.4995
59.700000000000578 20.4995
59.80000000000058 20.4995
59.900000000000581 20.4995
60.000000000000583 20.4995
60.100000000000584 20.597
60.200000000000585 20.8866
60.300000000000587 21.2195
60.400000000000588 21.5007
60.50000000000059 21.7322
60.600000000000591 22.0523
60.700000000000593 22.323
60.800000000000594 22.5904
60.900000000000595 22.8985
61.000000000000597 23.1593
61.100000000000598 23.4172
61.2000000000006 23.7145
61.300000000000601 23.9664
61.400000000000603 24.2569
61.500000000000604 24.5033
61.600000000000605 24.7471
61.700000000000607 25.0286
61.800000000000608 25.2674
61.90000000000061 25.5039
62.000000000000611 25.7771
62.100000000000612 26.009
62.200000000000614 26.2389
62.300000000000615 26.5045
62.400000000000617 26.7301
62.500000000000618 26.9538
62.60000000000062 27.2124
62.700000000000621 27.4321
62.800000000000622 27.6501
62.900000000000624 27.9023
63.000000000000625 28.1167
63.100000000000627 28.3294
63.200000000000628 28.5756
63.30000000000063 28.7849
63.400000000000631 28.9927
63.500000000000632 29.2333
63.600000000000634 29.438
63.700000000000635 29.6412
63.800000000000637 29.8765
63.900000000000638 30.0768
64.000000000000639 30.2758
64.100000000000634 30.5062
64.200000000000628 30.7024
64.300000000000622 30.8973
64.400000000000617 31.1231
64.500000000000611 31.3154
64.600000000000605 31.5065
64.7000000000006 31.728
64.800000000000594 31.9167
64.900000000000588 32.1042
65.000000000000583 32.3216
65.100000000000577 32.5068
65.200000000000571 32.6909
65.300000000000566 32.9045
65.40000000000056 33.0864
65.500000000000554 33.2673
65.600000000000549 33.4772
65.700000000000543 33.656
65.800000000000537 33.8339
65.900000000000531 34.0402
66.000000000000526 34.2161
66.10000000000052 34.3911
66.200000000000514 34.5941
66.300000000000509 34.7672
66.400000000000503 34.9394
66.500000000000497 35.1393
66.600000000000492 35.3097
66.700000000000486 35.4793
66.80000000000048 35.6761
66.900000000000475 35.844
67.000000000000469 36.011
67.100000000000463 36.205
67.200000000000458 36.3704
67.300000000000452 36.535
67.400000000000446 36.7262
67.500000000000441 36.8893
67.600000000000435 37.0516
67.700000000000429 37.2401
67.800000000000423 37.401
67.900000000000418 37.5611
68.000000000000412 37.7471
68.100000000000406 37.9058
68.200000000000401 38.0638
68.300000000000395 38.2473
68.400000000000389 38.4039
68.500000000000384 38.5599
68.600000000000378 38.741
68.700000000000372 38.8957
68.800000000000367 39.0497
68.900000000000361 39.2286
69.000000000000355 39.3813
69.10000000000035 39.5334
69.200000000000344 39.7101
69.300000000000338 39.861
69.400000000000333 40.0113
69.500000000000327 40.1859
69.600000000000321 40.335
69.700000000000315 40.4835
69.80000000000031 40.6561
69.900000000000304 40.8034
70.000000000000298 40.9503
70.100000000000293 20.4995
70.200000000000287 20.4995
70.300000000000281 20.4995
70.400000000000276 20.4995
70.50000000000027 20.4995
70.600000000000264 20.4995
70.700000000000259 20.5483
70.800000000000253 20.8386
70.900000000000247 21.1249
71.000000000000242 21.4541
71.100000000000236 21.6861
71.20000000000023 22.0069
71.300000000000225 22.2781
71.400000000000219 22.5461
71.500000000000213 22.8548
71.600000000000207 23.116
71.700000000000202 23.3744
71.800000000000196 23.6722
71.90000000000019 23.9246
72.000000000000185 24.1743
72.100000000000179 24.4624
72.200000000000173 24.7066
72.300000000000168 24.9485
72.400000000000162 25.2277
72.500000000000156 25.4646
72.600000000000151 25.6994
72.700000000000145 25.9705
72.800000000000139 26.2007
72.900000000000134 26.4289
73.000000000000128 26.6926
73.100000000000122 26.9166
73.200000000000117 27.1388
73.300000000000111 27.3956
73.400000000000105 27.6139
73.500000000000099 27.8305
73.600000000000094 28.0811
73.700000000000088 28.2941
73.800000000000082 28.5055
73.900000000000077 28.7501
74.000000000000071 28.9582
74.100000000000065 29.1648
74.20000000000006 29.4039
74.300000000000054 29.6074
74.400000000000048 29.8095
74.500000000000043 30.0435
74.600000000000037 30.2427
74.700000000000031 30.4405
74.800000000000026 30.6698
74.90000000000002 30.8649
75.000000000000014 31.0588
75.100000000000009 31.2834
75.200000000000003 31.4748
75.299999999999997 31.6649
75.399999999999991 31.8853
75.499999999999986 32.073
75.59999999999998 32.2596
75.699999999999974 32.476
75.799999999999969 32.6603
75.899999999999963 32.8436
75.999999999999957 33.0562
76.099999999999952 33.2372
76.199999999999946 33.4174
76.29999999999994 33.6263
76.399999999999935 33.8043
76.499999999999929 33.9814
76.599999999999923 34.1869
76.699999999999918 34.362
76.799999999999912 34.5363
76.899999999999906 34.7384
76.999999999999901 34.9108
77.099999999999895 35.0823
77.199999999999889 35.2814
77.299999999999883 35.4511
77.399999999999878 35.62
77.499999999999872 35.8161
77.599999999999866 35.9832
77.699999999999861 36.1497
77.799999999999855 36.3429
77.899999999999849 36.5077
77.999999999999844 36.6717
78.099999999999838 36.8622
78.199999999999832 37.0246
78.299999999999827 37.1864
78.399999999999821 37.3742
78.499999999999815 37.5345
78.59999999999981 37.694
78.699999999999804 37.8794
78.799999999999798 38.0375
78.899999999999793 38.1949
78.999999999999787 38.3778
79.099999999999781 38.5339
79.199999999999775 38.6894
79.29999999999977 38.8699
79.399999999999764 39.024
79.499999999999758 39.1775
79.599999999999753 39.3559
79.699999999999747 39.5081
79.799999999999741 39.6597
79.899999999999736 39.8359
79.99999999999973 39.9862
80.099999999999724 40.1361
80.199999999999719 40.3101
80.299999999999713 40.4588
80.399999999999707 40.6068
80.499999999999702 40.7789
80.599999999999696 40.9258
80.69999999999969 20.4995
80.799999999999685 20.4995
80.899999999999679 20.4995
80.999999999999673 20.4995
81.099999999999667 20.4995
81.199999999999662 20.4995
81.299999999999656 20.4995
81.39999999999965 20.7905
81.499999999999645 21.0775
81.599999999999639 21.3605
81.699999999999633 21.6399
81.799999999999628 21.9157
81.899999999999622 22.2331
81.999999999999616 22.5017
82.099999999999611 22.767
82.199999999999605 23.0727
82.299999999999599 23.3315
82.399999999999594 23.5875
82.499999999999588 23.8827
82.599999999999582 24.1329
82.699999999999577 24.3804
82.799999999999571 24.6661
82.899999999999565 24.9084
82.999999999999559 25.1483
83.099999999999554 25.4253
83.199999999999548 25.6604
83.299999999999542 25.8933
83.399999999999537 26.1625
83.499999999999531 26.391
83.599999999999525 26.6175
83.69999999999952 26.8794
83.799999999999514 27.1019
83.899999999999508 27.3225
83.999999999999503 27.5777
84.099999999999497 27.7945
84.199999999999491 28.0097
84.299999999999486 28.2587
84.39999999999948 28.4703
84.499999999999474 28.6804
84.599999999999469 28.9236
84.699999999999463 29.1304
84.799999999999457 29.3358
84.899999999999451 29.5736
84.999999999999446 29.7759
85.09999999999944 29.9768
85.199999999999434 30.2096
85.299999999999429 30.4077
85.399999999999423 30.6044
85.499999999999417 30.8324
85.599999999999412 31.0265
85.699999999999406 31.2194
85.7999999999994 31.443
85.899999999999395 31.6333
85.999999999999389 31.8225
86.099999999999383 32.0418
86.199999999999378 32.2286
86.299999999999372 32.4143
86.399999999999366 32.6297
86.499999999999361 32.8131
86.599999999999355 32.9956
86.699999999999349 33.2071
86.799999999999343 33.3874
86.899999999999338 33.5667
86.999999999999332 33.7747
87.099999999999326 33.952
87.199999999999321 34.1283
87.299999999999315 34.3329
87.399999999999309 34.5073
87.499999999999304 34.6808
87.599999999999298 34.8821
87.699999999999292 35.0538
87.799999999999287 35.2246
87.899999999999281 35.4229
87.999999999999275 35.5919
88.09999999999927 35.7601
88.199999999999264 35.9554
88.299999999999258 36.122
88.399999999999253 36.2878
88.499999999999247 36.4802
88.599999999999241 36.6444
88.699999999999235 36.8078
88.79999999999923 36.9976
88.899999999999224 37.1595
88.999999999999218 37.3206
89.099999999999213 37.5078
89.199999999999207 37.6675
89.299999999999201 37.8265
89.399999999999196 38.0112
89.49999999999919 38.1687
89.599999999999184 38.3257
89.699999999999179 38.5079
89.799999999999173 38.6635
89.899999999999167 38.8184
89.999999999999162 38.9984
90.099999999999156 39.152
90.19999999999915 39.305
90.299999999999145 39.4827
90.399999999999139 39.6345
90.499999999999133 39.7856
90.599999999999127 39.9612
90.699999999999122 40.1111
90.799999999999116 40.2605
90.89999999999911 40.434
90.999999999999105 40.5822
91.099999999999099 40.7298
91.199999999999093 40.9014
91.299999999999088 40.9991
91.399999999999082 20.4995
91.499999999999076 20.4995
91.599999999999071 20.4995
91.699999999999065 20.4995
91.799999999999059 20.4995
91.899999999999054 20.4995
91.999999999999048 20.694
92.099999999999042 21.0299
92.199999999999037 21.3136
92.299999999999031 21.5936
92.399999999999025 21.87
92.499999999999019 22.1429
92.599999999999014 22.4571
92.699999999999008 22.723
92.799999999999002 22.9858
92.899999999998997 23.2886
92.999999999998991 23.5451
93.099999999998985 23.7988
93.19999999999898 24.0913
93.299999999998974 24.3393
93.399999999998968 24.5848
93.499999999998963 24.8681
93.599999999998957 25.1084
93.699999999998951 25.3465
93.799999999998946 25.6214
93.89999999999894 25.8547
93.999999999998934 26.0859
94.099999999998929 26.353
94.199999999998923 26.5799
94.299999999998917 26.8048
94.399999999998911 27.0649
94.499999999998906 27.2858
94.5999999999989 27.505
94.699999999998894 27.7585
94.799999999998889 27.974
94.899999999998883 28.1878
94.999999999998877 28.4352
95.099999999998872 28.6455
95.199999999998866 28.8543
95.29999999999886 29.0961
95.399999999998855 29.3017
95.499999999998849 29.5059
95.599999999998843 29.7423
95.699999999998838 29.9435
95.799999999998832 30.1433
95.899999999998826 30.3747
95.99999999999882 30.5717
96.099999999998815 30.7675
96.199999999998809 30.9943
96.299999999998803 31.1874
96.399999999998798 31.3792
96.499999999998792 31.6017
96.599999999998786 31.791
96.699999999998781 31.9793
96.799999999998775 32.1976
96.899999999998769 32.3835
96.999999999998764 32.5683
97.099999999998758 32.7826
97.199999999998752 32.9652
97.299999999998747 33.1468
97.399999999998741 33.3574
97.499999999998735 33.5369
97.59999999999873 33.7154
97.699999999998724 33.9225
97.799999999998718 34.099
97.899999999998712 34.2746
97.999999999998707 34.4783
98.099999999998701 34.6519
98.199999999998695 34.8247
98.29999999999869 35.0252
98.399999999998684 35.1962
98.499999999998678 35.3663
98.599999999998673 35.5638
98.699999999998667 35.7322
98.799999999998661 35.8997
98.899999999998656 36.0943
98.99999999999865 36.2602
99.099999999998644 36.4254
99.199999999998639 36.6171
99.299999999998633 36.7806
99.399999999998627 36.9435
99.499999999998622 37.1325
99.599999999998616 37.2938
99.69999999999861 37.4544
99.799999999998604 37.6409
99.899999999998599 37.8
99.999999999998593 37.9585
100.09999999999859 38.1425
100.19999999999858 38.2996
100.29999999999858 38.456
100.39999999999857 38.6376
100.49999999999856 38.7926
100.59999999999856 38.9471
100.69999999999855 39.1264
100.79999999999855 39.2795
100.89999999999854 39.432
100.99999999999854 39.6092
101.09999999999853 39.7605
101.19999999999852 39.9111
101.29999999999852 40.0862
101.39999999999851 40.2356
101.49999999999851 40.3845
101.5999999999985 40.5575
101.6999999999985 40.7053
101.79999999999849 40.8524
101.89999999999849 40.9991
101.99999999999848 20.4995
102.09999999999847 20.4995
102.19999999999847 20.4995
102.29999999999846 20.4995
102.39999999999846 20.4995
102.49999999999845 20.4995
102.59999999999845 20.6455
102.69999999999844 20.9822
102.79999999999843 21.2666
102.89999999999843 21.5007
102.99999999999842 21.8242
103.09999999999842 22.0977
103.19999999999841 22.3678
103.29999999999841 22.6789
103.3999999999984 22.9422
103.49999999999839 23.2025
103.59999999999839 23.5025
103.69999999999838 23.7567
103.79999999999838 24.0081
103.89999999999837 24.2982
103.99999999999837 24.5441
104.09999999999836 24.7875
104.19999999999835 25.0686
104.29999999999835 25.307
104.39999999999834 25.5431
104.49999999999834 25.8159
104.59999999999833 26.0475
104.69999999999833 26.277
104.79999999999832 26.5422
104.89999999999831 26.7675
104.99999999999831 26.9909
105.0999999999983 27.2491
105.1999999999983 27.4686
105.29999999999829 27.6863
105.39999999999829 27.9382
105.49999999999828 28.1522
105.59999999999827 28.3647
105.69999999999827 28.6106
105.79999999999826 28.8196
105.89999999999826 29.0272
105.99999999999825 29.2675
106.09999999999825 29.4719
106.19999999999824 29.6749
106.29999999999824 29.91
106.39999999999823 30.1101
106.49999999999822 30.3088
106.59999999999822 30.539
106.69999999999821 30.7349
106.79999999999821 30.9296
106.8999999999982 31.1553
106.9999999999982 31.3473
107.09999999999819 31.5383
107.19999999999818 31.7596
107.29999999999818 31.948
107.39999999999817 32.1354
107.49999999999817 32.3526
107.59999999999816 32.5376
107.69999999999816 32.7215
107.79999999999815 32.9349
107.89999999999814 33.1166
107.99999999999814 33.2974
108.09999999999813 33.5071
108.19999999999813 33.6857
108.29999999999812 33.8635
108.39999999999812 34.0696
108.49999999999811 34.2454
108.5999999999981 34.4202
108.6999999999981 34.6231
108.79999999999809 34.796
108.89999999999809 34.9681
108.99999999999808 35.1678
109.09999999999808 35.338
109.19999999999807 35.5075
109.29999999999806 35.7042
109.39999999999806 35.8719
109.49999999999805 36.0388
109.59999999999805 36.2326
109.69999999999804 36.3979
109.79999999999804 36.5624
109.89999999999803 36.7534
109.99999999999802 36.9164
110.09999999999802 37.0786
110.19999999999801 37.267
110.29999999999801 37.4277
110.399999999998 37.5877
110.499999999998 37.7736
110.59999999999799 37.9321
110.69999999999798 38.09
110.79999999999798 38.2734
110.89999999999797 38.4299
110.99999999999797 38.5858
111.09999999999796 38.7669
111.19999999999796 38.9214
111.29999999999795 39.0753
111.39999999999795 39.2541
111.49999999999794 39.4067
111.59999999999793 39.5587
111.69999999999793 39.7353
111.79999999999792 39.8861
111.89999999999792 40.0362
111.99999999999791 40.2108
112.09999999999791 40.3597
112.1999999999979 40.5082
112.29999999999789 40.6807
112.39999999999789 40.8279
112.49999999999788 40.9747
112.59999999999788 20.4995
112.69999999999787 20.4995
112.79999999999787 20.4995
112.89999999999786 20.4995
112.99999999999785 20.4995
113.09999999999785 20.4995
113.19999999999784 20.597
113.29999999999784 20.8866
113.39999999999783 21.2195
113.49999999999783 21.5007
113.59999999999782 21.7322
113.69999999999781 22.0523
113.79999999999781 22.323
113.8999999999978 22.5904
113.9999999999978 22.8985
114.09999999999779 23.1593
114.19999999999779 23.4172
114.29999999999778 23.7145
114.39999999999777 23.9664
114.49999999999777 24.2157
114.59999999999776 24.5033
114.69999999999776 24.7471
114.79999999999775 24.9886
114.89999999999775 25.2674
114.99999999999774 25.5039
115.09999999999773 25.7383
115.19999999999773 26.009
115.29999999999772 26.2389
115.39999999999772 26.4667
115.49999999999771 26.7301
115.59999999999771 26.9538
115.6999999999977 27.1756
115.79999999999769 27.4321
115.89999999999769 27.6501
115.99999999999768 27.8664
116.09999999999768 28.1167
116.19999999999767 28.3294
116.29999999999767 28.5405
116.39999999999766 28.7849
116.49999999999766 28.9927
116.59999999999765 29.1991
116.69999999999764 29.438
116.79999999999764 29.6412
116.89999999999763 29.843
116.99999999999763 30.0768
117.09999999999762 30.2758
117.19999999999762 30.4734
117.29999999999761 30.7024
117.3999999999976 30.8973
117.4999999999976 31.091
117.59999999999759 31.3154
117.69999999999759 31.5065
117.79999999999758 31.6965
117.89999999999758 31.9167
117.99999999999757 32.1042
118.09999999999756 32.2906
118.19999999999756 32.5068
118.29999999999755 32.691
118.39999999999755 32.8741
118.49999999999754 33.0864
118.59999999999754 33.2673
118.69999999999753 33.4473
118.79999999999752 33.656
118.89999999999752 33.8339
118.99999999999751 34.0108
119.09999999999751 34.2161
119.1999999999975 34.3911
119.2999999999975 34.5652
119.39999999999749 34.7672
119.49999999999748 34.9394
119.59999999999748 35.1108
119.69999999999747 35.3097
119.79999999999747 35.4793
119.89999999999746 35.6481
119.99999999999746 35.844
120.09999999999745 36.011
120.19999999999744 36.1773
120.29999999999744 36.3704
120.39999999999743 36.535
120.49999999999743 36.699
120.59999999999742 36.8893
120.69999999999742 37.0516
120.79999999999741 37.2133
120.89999999999741 37.401
120.9999999999974 37.5611
121.09999999999739 37.7206
121.19999999999739 37.9058
121.29999999999738 38.0638
121.39999999999738 38.2211
121.49999999999737 38.4039
121.59999999999737 38.5599
121.69999999999736 38.7152
121.79999999999735 38.8957
121.89999999999735 39.0497
121.99999999999734 39.2031
122.09999999999734 39.3813
122.19999999999733 39.5334
122.29999999999733 39.6849
122.39999999999732 39.861
122.49999999999731 40.0113
122.59999999999731 40.161
122.6999999999973 40.335
122.7999999999973 40.4835
122.89999999999729 40.6315
122.99999999999729 40.8034
123.09999999999728 40.9503
123.19999999999727 20.4995
123.29999999999727 20.4995
123.39999999999726 20.4995
123.49999999999726 20.4995
123.59999999999725 20.4995
123.69999999999725 20.4995
123.79999999999724 20.5483
123.89999999999723 20.8386
123.99999999999723 21.1249
124.09999999999722 21.4541
124.19999999999722 21.6861
124.29999999999721 21.9613
124.39999999999721 22.0977
124.4999999999972 22.0977
124.59999999999719 22.0977
124.69999999999719 22.0977
124.79999999999718 22.0977
124.89999999999718 22.0977
124.99999999999717 22.0977
