1.012208 0 
2.004528 0 
3.00392 0 
4.002341 0 
5.000213 0 
6.000155 0 
7.001115 0 
8.002075 0 
9.001147 0 
10.000955 0 
11.001093 0 
12.002875 0 
13.003013 0 
14.000667 0 
15.000373 0 
16.000613 0 
17.002347 0 
18.003253 0 
19.001701 0 
20.000507 0 
21.000853 0 
22.000795 0 
23.001755 0 
24.000827 0 
25.000635 0 
26.000773 0 
27.002555 0 
28.003515 0 
29.003653 0 
30.000053 0 
31.000293 0 
32.001253 0 
33.002933 0 
34.001381 0 
35.000187 0 
36.000533 0 
37.000475 0 
38.001435 0 
39.000507 0 
40.000315 0 
41.000453 0 
42.001413 0 
43.003195 0 
44.003333 0 
45.000987 0 
46.000693 0 
47.000933 0 
48.002613 0 
49.002853 0 
50.002021 0 
51.000213 0 
52.000155 0 
53.001115 0 
54.002075 0 
55.001147 0 
56.000955 0 
57.001093 0 
58.002875 0 
59.003013 0 
60.000667 0 
61.000373 0 
62.000613 0 
63.002347 0 
64.003253 0 
65.001701 0 
66.000507 0 
67.000853 0 
68.000795 0 
69.001755 0 
70.000827 0 
71.000635 0 
72.000773 0 
73.002555 0 
74.003515 0 
75.003653 0 
76.000053 0 
77.000293 0 
78.001253 0 
79.002933 0 
80.001381 0 
81.002267 0 
82.007515 0 
83.002075 0 
84.002715 0 
85.0036 0 
86.00456 0 
87.00096 0 
88.00192 0 
89.000368 0 
90.001328 0 
91.000133 0 
92.001093 0 
93.000421 0 
94.001381 0 
95.000453 0 
96.000261 0 
97.0004 0 
98.00136 0 
99.00232 0 
100.00328 0 
101.00424 0 
102.00064 0 
103.0016 0 
104.000048 0 
105.001008 0 
106.001968 0 
107.000773 0 
108.000101 0 
109.001061 0 
110.000133 0 
111.001093 0 
112.00008 0 
113.00104 0 
114.002 0 
115.00296 0 
116.00392 0 
117.00032 0 
118.00128 0 
119.00224 0 
120.000688 0 
121.001648 0 
122.000453 0 
123.001413 0 
124.000741 0 
124.3456 0 
