1.012208 0 	 0 
2.004528 22080 	 0 
3.00392 66240 	 0 
4.002341 136896 	 0 
5.000213 141312 	 0 
6.000155 141312 	 0 
7.001115 145728 	 0 
8.002075 145728 	 0 
9.001147 145728 	 0 
10.000955 141312 	 0 
11.001093 145728 	 0 
12.002875 145728 	 0 
13.003013 141312 	 0 
14.000667 145728 	 0 
15.000373 145728 	 0 
16.000613 141312 	 0 
17.002347 145728 	 0 
18.003253 141312 	 0 
19.001701 145728 	 0 
20.000507 141312 	 0 
21.000853 141312 	 0 
22.000795 145728 	 0 
23.001755 141312 	 0 
24.000827 145728 	 0 
25.000635 141312 	 0 
26.000773 145728 	 0 
27.002555 145728 	 0 
28.003515 141312 	 0 
29.003653 145728 	 0 
30.000053 145728 	 0 
31.000293 141312 	 0 
32.001253 145728 	 0 
33.002933 145728 	 0 
34.001381 141312 	 0 
35.000187 141312 	 0 
36.000533 141312 	 0 
37.000475 145728 	 0 
38.001435 141312 	 0 
39.000507 145728 	 0 
40.000315 145728 	 0 
41.000453 141312 	 0 
42.001413 145728 	 0 
43.003195 141312 	 0 
44.003333 145728 	 0 
45.000987 145728 	 0 
46.000693 141312 	 0 
47.000933 145728 	 0 
48.002613 145728 	 0 
49.002853 141312 	 0 
50.002021 145728 	 0 
51.000213 141312 	 0 
52.000155 145728 	 0 
53.001115 141312 	 0 
54.002075 145728 	 0 
55.001147 145728 	 0 
56.000955 141312 	 0 
57.001093 145728 	 0 
58.002875 145728 	 0 
59.003013 141312 	 0 
60.000667 145728 	 0 
61.000373 145728 	 0 
62.000613 141312 	 0 
63.002347 145728 	 0 
64.003253 141312 	 0 
65.001701 145728 	 0 
66.000507 141312 	 0 
67.000853 141312 	 0 
68.000795 145728 	 0 
69.001755 141312 	 0 
70.000827 145728 	 0 
71.000635 141312 	 0 
72.000773 145728 	 0 
73.002555 145728 	 0 
74.003515 141312 	 0 
75.003653 145728 	 0 
76.000053 145728 	 0 
77.000293 141312 	 0 
78.001253 145728 	 0 
79.002933 145728 	 0 
80.001381 141312 	 0 
81.002267 163392 	 0 
82.007515 185472 	 0 
83.002075 229632 	 0 
84.002715 264960 	 0 
85.0036 295872 	 0 
86.00456 300288 	 0 
87.00096 300288 	 0 
88.00192 300288 	 0 
89.000368 300288 	 0 
90.001328 300288 	 0 
91.000133 295872 	 0 
92.001093 295872 	 0 
93.000421 295872 	 0 
94.001381 300288 	 0 
95.000453 300288 	 0 
96.000261 300288 	 0 
97.0004 300288 	 0 
98.00136 300288 	 0 
99.00232 300288 	 0 
100.00328 300288 	 0 
101.00424 300288 	 0 
102.00064 300288 	 0 
103.0016 300288 	 0 
104.000048 300288 	 0 
105.001008 300288 	 0 
106.001968 300288 	 0 
107.000773 295872 	 0 
108.000101 295872 	 0 
109.001061 300288 	 0 
110.000133 300288 	 0 
111.001093 300288 	 0 
112.00008 300288 	 0 
113.00104 300288 	 0 
114.002 300288 	 0 
115.00296 300288 	 0 
116.00392 300288 	 0 
117.00032 300288 	 0 
118.00128 300288 	 0 
119.00224 300288 	 0 
120.000688 300288 	 0 
121.001648 300288 	 0 
122.000453 295872 	 0 
123.001413 295872 	 0 
124.000741 295872 	 0 
124.3456 61824 	 0 
