0.10000000000000001 0
0.20000000000000001 0
0.30000000000000004 0
0.40000000000000002 0
0.5 0
0.59999999999999998 0
0.69999999999999996 0
0.79999999999999993 0
0.89999999999999991 0
0.99999999999999989 0
1.0999999999999999 0
1.2 0
1.3 0
1.4000000000000001 2
1.5000000000000002 0
1.6000000000000003 0
1.7000000000000004 3
1.8000000000000005 0
1.9000000000000006 0
2.0000000000000004 0
2.1000000000000005 6
2.2000000000000006 0
2.3000000000000007 0
2.4000000000000008 4
2.5000000000000009 4
2.600000000000001 0
2.7000000000000011 0
2.8000000000000012 1
2.9000000000000012 0
3.0000000000000013 1
3.1000000000000014 5
3.2000000000000015 7
3.3000000000000016 1
3.4000000000000017 0
3.5000000000000018 1
3.6000000000000019 3
3.700000000000002 0
3.800000000000002 0
3.9000000000000021 1
4.0000000000000018 0
4.1000000000000014 0
4.2000000000000011 2
4.3000000000000007 3
4.4000000000000004 1
4.5 2
4.5999999999999996 3
4.6999999999999993 3
4.7999999999999989 2
4.8999999999999986 3
4.9999999999999982 3
5.0999999999999979 3
5.1999999999999975 3
5.2999999999999972 3
5.3999999999999968 2
5.4999999999999964 2
5.5999999999999961 3
5.6999999999999957 2
5.7999999999999954 2
5.899999999999995 2
5.9999999999999947 3
6.0999999999999943 3
6.199999999999994 2
6.2999999999999936 3
6.3999999999999932 2
6.4999999999999929 2
6.5999999999999925 2
6.6999999999999922 3
6.7999999999999918 2
6.8999999999999915 2
6.9999999999999911 3
7.0999999999999908 2
7.1999999999999904 3
7.2999999999999901 2
7.3999999999999897 2
7.4999999999999893 2
7.599999999999989 3
7.6999999999999886 2
7.7999999999999883 3
7.8999999999999879 2
7.9999999999999876 3
8.0999999999999872 2
8.1999999999999869 2
8.2999999999999865 2
8.3999999999999861 2
8.4999999999999858 2
8.5999999999999854 2
8.6999999999999851 3
8.7999999999999847 2
8.8999999999999844 2
8.999999999999984 2
9.0999999999999837 3
9.1999999999999833 2
9.2999999999999829 2
9.3999999999999826 3
9.4999999999999822 3
9.5999999999999819 2
9.6999999999999815 2
9.7999999999999812 2
9.8999999999999808 3
9.9999999999999805 2
10.09999999999998 2
10.19999999999998 3
10.299999999999979 2
10.399999999999979 3
10.499999999999979 2
10.599999999999978 3
10.699999999999978 2
10.799999999999978 2
10.899999999999977 2
10.999999999999977 3
11.099999999999977 2
11.199999999999976 2
11.299999999999976 2
11.399999999999975 3
11.499999999999975 3
11.599999999999975 2
11.699999999999974 2
11.799999999999974 2
11.899999999999974 3
11.999999999999973 2
12.099999999999973 3
12.199999999999973 2
12.299999999999972 3
12.399999999999972 2
12.499999999999972 3
12.599999999999971 3
12.699999999999971 2
12.799999999999971 3
12.89999999999997 3
12.99999999999997 3
13.099999999999969 2
13.199999999999969 2
13.299999999999969 3
13.399999999999968 3
13.499999999999968 2
13.599999999999968 3
13.699999999999967 3
13.799999999999967 3
13.899999999999967 2
13.999999999999966 3
14.099999999999966 3
14.199999999999966 2
14.299999999999965 2
14.399999999999965 3
14.499999999999964 3
14.599999999999964 2
14.699999999999964 2
14.799999999999963 3
14.899999999999963 3
14.999999999999963 2
15.099999999999962 2
15.199999999999962 3
15.299999999999962 3
15.399999999999961 2
15.499999999999961 3
15.599999999999961 2
15.69999999999996 3
15.79999999999996 2
15.899999999999959 3
15.999999999999959 3
16.099999999999959 2
16.19999999999996 3
16.299999999999962 2
16.399999999999963 3
16.499999999999964 2
16.599999999999966 2
16.699999999999967 2
16.799999999999969 3
16.89999999999997 2
16.999999999999972 3
17.099999999999973 2
17.199999999999974 3
17.299999999999976 2
17.399999999999977 2
17.499999999999979 2
17.59999999999998 2
17.699999999999982 2
17.799999999999983 2
17.899999999999984 3
17.999999999999986 2
18.099999999999987 2
18.199999999999989 2
18.29999999999999 3
18.399999999999991 2
18.499999999999993 2
18.599999999999994 3
18.699999999999996 3
18.799999999999997 2
18.899999999999999 2
19 2
19.100000000000001 3
19.200000000000003 2
19.300000000000004 2
19.400000000000006 3
19.500000000000007 2
19.600000000000009 3
19.70000000000001 2
19.800000000000011 3
19.900000000000013 2
20.000000000000014 2
20.100000000000016 2
20.200000000000017 3
20.300000000000018 2
20.40000000000002 2
20.500000000000021 2
20.600000000000023 3
20.700000000000024 3
20.800000000000026 2
20.900000000000027 2
21.000000000000028 2
21.10000000000003 3
21.200000000000031 2
21.300000000000033 3
21.400000000000034 2
21.500000000000036 3
21.600000000000037 2
21.700000000000038 3
21.80000000000004 3
21.900000000000041 2
22.000000000000043 3
22.100000000000044 3
22.200000000000045 3
22.300000000000047 2
22.400000000000048 2
22.50000000000005 3
22.600000000000051 3
22.700000000000053 2
22.800000000000054 3
22.900000000000055 3
23.000000000000057 3
23.100000000000058 2
23.20000000000006 3
23.300000000000061 3
23.400000000000063 2
23.500000000000064 2
23.600000000000065 3
23.700000000000067 3
23.800000000000068 2
23.90000000000007 2
24.000000000000071 3
24.100000000000072 3
24.200000000000074 2
24.300000000000075 2
24.400000000000077 3
24.500000000000078 3
24.60000000000008 2
24.700000000000081 3
24.800000000000082 2
24.900000000000084 3
25.000000000000085 2
25.100000000000087 3
25.200000000000088 3
25.30000000000009 2
25.400000000000091 3
25.500000000000092 2
25.600000000000094 3
25.700000000000095 2
25.800000000000097 2
25.900000000000098 2
26.000000000000099 3
26.100000000000101 2
26.200000000000102 3
26.300000000000104 2
26.400000000000105 3
26.500000000000107 2
26.600000000000108 2
26.700000000000109 2
26.800000000000111 2
26.900000000000112 2
27.000000000000114 2
27.100000000000115 3
27.200000000000117 2
27.300000000000118 2
27.400000000000119 2
27.500000000000121 3
27.600000000000122 2
27.700000000000124 2
27.800000000000125 3
27.900000000000126 3
28.000000000000128 2
28.100000000000129 2
28.200000000000131 2
28.300000000000132 3
28.400000000000134 2
28.500000000000135 2
28.600000000000136 3
28.700000000000138 2
28.800000000000139 3
28.900000000000141 2
29.000000000000142 3
29.100000000000144 2
29.200000000000145 2
29.300000000000146 2
29.400000000000148 3
29.500000000000149 2
29.600000000000151 2
29.700000000000152 2
29.800000000000153 3
29.900000000000155 3
30.000000000000156 2
30.100000000000158 2
30.200000000000159 2
30.300000000000161 3
30.400000000000162 2
30.500000000000163 3
30.600000000000165 2
30.700000000000166 3
30.800000000000168 2
30.900000000000169 3
31.000000000000171 3
31.100000000000172 2
31.200000000000173 3
31.300000000000175 3
31.400000000000176 3
31.500000000000178 2
31.600000000000179 2
31.70000000000018 3
31.800000000000182 3
31.900000000000183 2
32.000000000000185 3
32.100000000000186 3
32.200000000000188 3
32.300000000000189 2
32.40000000000019 3
32.500000000000192 3
32.600000000000193 2
32.700000000000195 2
32.800000000000196 3
32.900000000000198 3
33.000000000000199 2
33.1000000000002 2
33.200000000000202 3
33.300000000000203 3
33.400000000000205 2
33.500000000000206 2
33.600000000000207 3
33.700000000000209 3
33.80000000000021 2
33.900000000000212 3
34.000000000000213 2
34.100000000000215 3
34.200000000000216 2
34.300000000000217 3
34.400000000000219 3
34.50000000000022 2
34.600000000000222 3
34.700000000000223 2
34.800000000000225 3
34.900000000000226 2
35.000000000000227 2
35.100000000000229 2
35.20000000000023 3
35.300000000000232 2
35.400000000000233 3
35.500000000000234 2
35.600000000000236 3
35.700000000000237 2
35.800000000000239 2
35.90000000000024 2
36.000000000000242 2
36.100000000000243 2
36.200000000000244 2
36.300000000000246 3
36.400000000000247 2
36.500000000000249 2
36.60000000000025 2
36.700000000000252 3
36.800000000000253 2
36.900000000000254 2
37.000000000000256 3
37.100000000000257 3
37.200000000000259 2
37.30000000000026 2
37.400000000000261 2
37.500000000000263 3
37.600000000000264 2
37.700000000000266 2
37.800000000000267 3
37.900000000000269 2
38.00000000000027 3
38.100000000000271 2
38.200000000000273 3
38.300000000000274 2
38.400000000000276 2
38.500000000000277 2
38.600000000000279 3
38.70000000000028 2
38.800000000000281 2
38.900000000000283 2
39.000000000000284 3
39.100000000000286 3
39.200000000000287 2
39.300000000000288 2
39.40000000000029 2
39.500000000000291 3
39.600000000000293 2
39.700000000000294 3
39.800000000000296 2
39.900000000000297 3
40.000000000000298 2
40.1000000000003 3
40.200000000000301 3
40.300000000000303 2
40.400000000000304 3
40.500000000000306 3
40.600000000000307 3
40.700000000000308 2
40.80000000000031 2
40.900000000000311 3
41.000000000000313 3
41.100000000000314 2
41.200000000000315 3
41.300000000000317 3
41.400000000000318 3
41.50000000000032 2
41.600000000000321 3
41.700000000000323 3
41.800000000000324 2
41.900000000000325 2
42.000000000000327 3
42.100000000000328 3
42.20000000000033 2
42.300000000000331 2
42.400000000000333 3
42.500000000000334 3
42.600000000000335 2
42.700000000000337 2
42.800000000000338 3
42.90000000000034 3
43.000000000000341 2
43.100000000000342 3
43.200000000000344 2
43.300000000000345 3
43.400000000000347 2
43.500000000000348 3
43.60000000000035 3
43.700000000000351 2
43.800000000000352 3
43.900000000000354 2
44.000000000000355 3
44.100000000000357 2
44.200000000000358 2
44.30000000000036 2
44.400000000000361 3
44.500000000000362 2
44.600000000000364 3
44.700000000000365 2
44.800000000000367 3
44.900000000000368 2
45.000000000000369 2
45.100000000000371 2
45.200000000000372 2
45.300000000000374 2
45.400000000000375 2
45.500000000000377 3
45.600000000000378 2
45.700000000000379 2
45.800000000000381 2
45.900000000000382 3
46.000000000000384 2
46.100000000000385 2
46.200000000000387 3
46.300000000000388 3
46.400000000000389 2
46.500000000000391 2
46.600000000000392 2
46.700000000000394 3
46.800000000000395 2
46.900000000000396 2
47.000000000000398 3
47.100000000000399 2
47.200000000000401 3
47.300000000000402 2
47.400000000000404 3
47.500000000000405 2
47.600000000000406 2
47.700000000000408 2
47.800000000000409 3
47.900000000000411 2
48.000000000000412 2
48.100000000000414 2
48.200000000000415 3
48.300000000000416 3
48.400000000000418 2
48.500000000000419 2
48.600000000000421 2
48.700000000000422 3
48.800000000000423 2
48.900000000000425 3
49.000000000000426 2
49.100000000000428 3
49.200000000000429 2
49.300000000000431 3
49.400000000000432 3
49.500000000000433 2
49.600000000000435 3
49.700000000000436 3
49.800000000000438 3
49.900000000000439 2
50.000000000000441 2
50.100000000000442 3
50.200000000000443 3
50.300000000000445 2
50.400000000000446 3
50.500000000000448 3
50.600000000000449 3
50.70000000000045 2
50.800000000000452 3
50.900000000000453 3
51.000000000000455 2
51.100000000000456 2
51.200000000000458 3
51.300000000000459 3
51.40000000000046 2
51.500000000000462 2
51.600000000000463 3
51.700000000000465 3
51.800000000000466 2
51.900000000000468 2
52.000000000000469 3
52.10000000000047 3
52.200000000000472 2
52.300000000000473 3
52.400000000000475 2
52.500000000000476 3
52.600000000000477 2
52.700000000000479 3
52.80000000000048 3
52.900000000000482 2
53.000000000000483 3
53.100000000000485 2
53.200000000000486 3
53.300000000000487 2
53.400000000000489 2
53.50000000000049 2
53.600000000000492 3
53.700000000000493 2
53.800000000000495 3
53.900000000000496 2
54.000000000000497 3
54.100000000000499 2
54.2000000000005 2
54.300000000000502 2
54.400000000000503 2
54.500000000000504 2
54.600000000000506 2
54.700000000000507 3
54.800000000000509 2
54.90000000000051 2
55.000000000000512 2
55.100000000000513 3
55.200000000000514 2
55.300000000000516 2
55.400000000000517 3
55.500000000000519 3
55.60000000000052 2
55.700000000000522 2
55.800000000000523 2
55.900000000000524 3
56.000000000000526 2
56.100000000000527 2
56.200000000000529 3
56.30000000000053 2
56.400000000000531 3
56.500000000000533 2
56.600000000000534 3
56.700000000000536 2
56.800000000000537 2
56.900000000000539 2
57.00000000000054 3
57.100000000000541 2
57.200000000000543 2
57.300000000000544 2
57.400000000000546 3
57.500000000000547 3
57.600000000000549 2
57.70000000000055 2
57.800000000000551 2
57.900000000000553 3
58.000000000000554 2
58.100000000000556 3
58.200000000000557 2
58.300000000000558 3
58.40000000000056 2
58.500000000000561 3
58.600000000000563 3
58.700000000000564 2
58.800000000000566 3
58.900000000000567 3
59.000000000000568 3
59.10000000000057 2
59.200000000000571 2
59.300000000000573 3
59.400000000000574 3
59.500000000000576 2
59.600000000000577 3
59.700000000000578 3
59.80000000000058 3
59.900000000000581 2
60.000000000000583 3
60.100000000000584 3
60.200000000000585 2
60.300000000000587 2
60.400000000000588 3
60.50000000000059 3
60.600000000000591 2
60.700000000000593 2
60.800000000000594 3
60.900000000000595 3
61.000000000000597 2
61.100000000000598 2
61.2000000000006 3
61.300000000000601 3
61.400000000000603 2
61.500000000000604 3
61.600000000000605 2
61.700000000000607 3
61.800000000000608 2
61.90000000000061 3
62.000000000000611 3
62.100000000000612 2
62.200000000000614 3
62.300000000000615 2
62.400000000000617 3
62.500000000000618 2
62.60000000000062 2
62.700000000000621 2
62.800000000000622 3
62.900000000000624 2
63.000000000000625 3
63.100000000000627 2
63.200000000000628 3
63.30000000000063 2
63.400000000000631 2
63.500000000000632 2
63.600000000000634 2
63.700000000000635 2
63.800000000000637 2
63.900000000000638 3
64.000000000000639 2
64.100000000000634 2
64.200000000000628 2
64.300000000000622 3
64.400000000000617 2
64.500000000000611 2
64.600000000000605 3
64.7000000000006 3
64.800000000000594 2
64.900000000000588 2
65.000000000000583 2
65.100000000000577 3
65.200000000000571 2
65.300000000000566 2
65.40000000000056 3
65.500000000000554 2
65.600000000000549 3
65.700000000000543 2
65.800000000000537 3
65.900000000000531 2
66.000000000000526 2
66.10000000000052 2
66.200000000000514 3
66.300000000000509 2
66.400000000000503 2
66.500000000000497 2
66.600000000000492 3
66.700000000000486 3
66.80000000000048 2
66.900000000000475 2
67.000000000000469 2
67.100000000000463 3
67.200000000000458 2
67.300000000000452 3
67.400000000000446 2
67.500000000000441 3
67.600000000000435 2
67.700000000000429 3
67.800000000000423 3
67.900000000000418 2
68.000000000000412 3
68.100000000000406 3
68.200000000000401 3
68.300000000000395 2
68.400000000000389 2
68.500000000000384 3
68.600000000000378 3
68.700000000000372 2
68.800000000000367 3
68.900000000000361 3
69.000000000000355 3
69.10000000000035 2
69.200000000000344 3
69.300000000000338 3
69.400000000000333 2
69.500000000000327 2
69.600000000000321 3
69.700000000000315 3
69.80000000000031 2
69.900000000000304 2
70.000000000000298 3
70.100000000000293 3
70.200000000000287 2
70.300000000000281 2
70.400000000000276 3
70.50000000000027 3
70.600000000000264 2
70.700000000000259 3
70.800000000000253 2
70.900000000000247 3
71.000000000000242 2
71.100000000000236 3
71.20000000000023 3
71.300000000000225 2
71.400000000000219 3
71.500000000000213 2
71.600000000000207 3
71.700000000000202 2
71.800000000000196 2
71.90000000000019 2
72.000000000000185 3
72.100000000000179 2
72.200000000000173 3
72.300000000000168 2
72.400000000000162 3
72.500000000000156 2
72.600000000000151 2
72.700000000000145 2
72.800000000000139 2
72.900000000000134 2
73.000000000000128 2
73.100000000000122 3
73.200000000000117 2
73.300000000000111 2
73.400000000000105 2
73.500000000000099 3
73.600000000000094 2
73.700000000000088 2
73.800000000000082 3
73.900000000000077 3
74.000000000000071 2
74.100000000000065 2
74.20000000000006 2
74.300000000000054 3
74.400000000000048 2
74.500000000000043 2
74.600000000000037 3
74.700000000000031 2
74.800000000000026 3
74.90000000000002 2
75.000000000000014 3
75.100000000000009 2
75.200000000000003 2
75.299999999999997 2
75.399999999999991 3
75.499999999999986 2
75.59999999999998 2
75.699999999999974 2
75.799999999999969 3
75.899999999999963 3
75.999999999999957 2
76.099999999999952 2
76.199999999999946 2
76.29999999999994 3
76.399999999999935 2
76.499999999999929 3
76.599999999999923 2
76.699999999999918 3
76.799999999999912 2
76.899999999999906 3
76.999999999999901 3
77.099999999999895 2
77.199999999999889 3
77.299999999999883 3
77.399999999999878 3
77.499999999999872 2
77.599999999999866 2
77.699999999999861 3
77.799999999999855 3
77.899999999999849 2
77.999999999999844 3
78.099999999999838 3
78.199999999999832 3
78.299999999999827 2
78.399999999999821 3
78.499999999999815 3
78.59999999999981 2
78.699999999999804 2
78.799999999999798 3
78.899999999999793 3
78.999999999999787 2
79.099999999999781 2
79.199999999999775 3
79.29999999999977 3
79.399999999999764 2
79.499999999999758 2
79.599999999999753 3
79.699999999999747 3
79.799999999999741 2
79.899999999999736 3
79.99999999999973 2
80.099999999999724 0
80.199999999999719 0
80.299999999999713 0
80.399999999999707 0
80.499999999999702 0
80.599999999999696 0
80.69999999999969 0
80.799999999999685 0
80.899999999999679 0
80.999999999999673 0
81.099999999999667 0
81.199999999999662 0
81.299999999999656 0
81.39999999999965 0
81.499999999999645 0
81.599999999999639 0
81.699999999999633 0
81.799999999999628 0
81.899999999999622 0
81.999999999999616 0
82.099999999999611 0
82.199999999999605 0
82.299999999999599 1
82.399999999999594 0
82.499999999999588 0
82.599999999999582 0
82.699999999999577 1
82.799999999999571 0
82.899999999999565 0
82.999999999999559 1
83.099999999999554 1
83.199999999999548 0
83.299999999999542 0
83.399999999999537 1
83.499999999999531 0
83.599999999999525 0
83.69999999999952 1
83.799999999999514 1
83.899999999999508 0
83.999999999999503 0
84.099999999999497 1
84.199999999999491 0
84.299999999999486 0
84.39999999999948 1
84.499999999999474 1
84.599999999999469 1
84.699999999999463 1
84.799999999999457 2
84.899999999999451 2
84.999999999999446 2
85.09999999999944 2
85.199999999999434 1
85.299999999999429 2
85.399999999999423 2
85.499999999999417 2
85.599999999999412 1
85.699999999999406 1
85.7999999999994 2
85.899999999999395 2
85.999999999999389 2
86.099999999999383 1
86.199999999999378 1
86.299999999999372 2
86.399999999999366 2
86.499999999999361 2
86.599999999999355 1
86.699999999999349 2
86.799999999999343 2
86.899999999999338 2
86.999999999999332 2
87.099999999999326 1
87.199999999999321 2
87.299999999999315 2
87.399999999999309 2
87.499999999999304 2
87.599999999999298 1
87.699999999999292 2
87.799999999999287 2
87.899999999999281 2
87.999999999999275 2
88.09999999999927 1
88.199999999999264 2
88.299999999999258 2
88.399999999999253 2
88.499999999999247 2
88.599999999999241 1
88.699999999999235 2
88.79999999999923 2
88.899999999999224 2
88.999999999999218 1
89.099999999999213 1
89.199999999999207 2
89.299999999999201 2
89.399999999999196 2
89.49999999999919 1
89.599999999999184 2
89.699999999999179 2
89.799999999999173 2
89.899999999999167 2
89.999999999999162 1
90.099999999999156 2
90.19999999999915 2
90.299999999999145 2
90.399999999999139 2
90.499999999999133 1
90.599999999999127 2
90.699999999999122 2
90.799999999999116 2
90.89999999999911 2
90.999999999999105 1
91.099999999999099 2
91.199999999999093 2
91.299999999999088 2
91.399999999999082 2
91.499999999999076 1
91.599999999999071 2
91.699999999999065 2
91.799999999999059 2
91.899999999999054 1
91.999999999999048 1
92.099999999999042 2
92.199999999999037 2
92.299999999999031 2
92.399999999999025 1
92.499999999999019 1
92.599999999999014 2
92.699999999999008 2
92.799999999999002 2
92.899999999998997 1
92.999999999998991 2
93.099999999998985 2
93.19999999999898 2
93.299999999998974 2
93.399999999998968 1
93.499999999998963 2
93.599999999998957 2
93.699999999998951 2
93.799999999998946 2
93.89999999999894 1
93.999999999998934 2
94.099999999998929 2
94.199999999998923 2
94.299999999998917 2
94.399999999998911 1
94.499999999998906 2
94.5999999999989 2
94.699999999998894 2
94.799999999998889 1
94.899999999998883 1
94.999999999998877 2
95.099999999998872 2
95.199999999998866 2
95.29999999999886 1
95.399999999998855 1
95.499999999998849 2
95.599999999998843 2
95.699999999998838 2
95.799999999998832 1
95.899999999998826 2
95.99999999999882 2
96.099999999998815 2
96.199999999998809 2
96.299999999998803 1
96.399999999998798 2
96.499999999998792 2
96.599999999998786 2
96.699999999998781 2
96.799999999998775 1
96.899999999998769 2
96.999999999998764 2
97.099999999998758 2
97.199999999998752 2
97.299999999998747 1
97.399999999998741 2
97.499999999998735 2
97.59999999999873 2
97.699999999998724 2
97.799999999998718 1
97.899999999998712 2
97.999999999998707 2
98.099999999998701 2
98.199999999998695 1
98.29999999999869 1
98.399999999998684 2
98.499999999998678 2
98.599999999998673 2
98.699999999998667 1
98.799999999998661 2
98.899999999998656 2
98.99999999999865 2
99.099999999998644 2
99.199999999998639 1
99.299999999998633 2
99.399999999998627 2
99.499999999998622 2
99.599999999998616 2
99.69999999999861 1
99.799999999998604 2
99.899999999998599 2
99.999999999998593 2
100.09999999999859 2
100.19999999999858 1
100.29999999999858 2
100.39999999999857 2
100.49999999999856 2
100.59999999999856 2
100.69999999999855 1
100.79999999999855 2
100.89999999999854 2
100.99999999999854 2
101.09999999999853 1
101.19999999999852 1
101.29999999999852 2
101.39999999999851 2
101.49999999999851 2
101.5999999999985 1
101.6999999999985 1
101.79999999999849 2
101.89999999999849 2
101.99999999999848 2
102.09999999999847 1
102.19999999999847 2
102.29999999999846 2
102.39999999999846 2
102.49999999999845 2
102.59999999999845 1
102.69999999999844 2
102.79999999999843 2
102.89999999999843 2
102.99999999999842 2
103.09999999999842 1
103.19999999999841 2
103.29999999999841 2
103.3999999999984 2
103.49999999999839 2
103.59999999999839 1
103.69999999999838 2
103.79999999999838 2
103.89999999999837 2
103.99999999999837 1
104.09999999999836 1
104.19999999999835 2
104.29999999999835 2
104.39999999999834 2
104.49999999999834 1
104.59999999999833 1
104.69999999999833 2
104.79999999999832 2
104.89999999999831 2
104.99999999999831 1
105.0999999999983 2
105.1999999999983 2
105.29999999999829 2
105.39999999999829 2
105.49999999999828 1
105.59999999999827 2
105.69999999999827 2
105.79999999999826 2
105.89999999999826 2
105.99999999999825 1
106.09999999999825 2
106.19999999999824 2
106.29999999999824 2
106.39999999999823 2
106.49999999999822 1
106.59999999999822 2
106.69999999999821 2
106.79999999999821 2
106.8999999999982 2
106.9999999999982 1
107.09999999999819 2
107.19999999999818 2
107.29999999999818 2
107.39999999999817 1
107.49999999999817 1
107.59999999999816 2
107.69999999999816 2
107.79999999999815 2
107.89999999999814 1
107.99999999999814 2
108.09999999999813 2
108.19999999999813 2
108.29999999999812 2
108.39999999999812 1
108.49999999999811 2
108.5999999999981 2
108.6999999999981 2
108.79999999999809 2
108.89999999999809 1
108.99999999999808 2
109.09999999999808 2
109.19999999999807 2
109.29999999999806 2
109.39999999999806 1
109.49999999999805 2
109.59999999999805 2
109.69999999999804 2
109.79999999999804 2
109.89999999999803 1
109.99999999999802 2
110.09999999999802 2
110.19999999999801 2
110.29999999999801 1
110.399999999998 1
110.499999999998 2
110.59999999999799 2
110.69999999999798 2
110.79999999999798 1
110.89999999999797 1
110.99999999999797 2
111.09999999999796 2
111.19999999999796 2
111.29999999999795 1
111.39999999999795 2
111.49999999999794 2
111.59999999999793 2
111.69999999999793 2
111.79999999999792 1
111.89999999999792 2
111.99999999999791 2
112.09999999999791 2
112.1999999999979 2
112.29999999999789 1
112.39999999999789 2
112.49999999999788 2
112.59999999999788 2
112.69999999999787 2
112.79999999999787 1
112.89999999999786 2
112.99999999999785 2
113.09999999999785 2
113.19999999999784 1
113.29999999999784 1
113.39999999999783 2
113.49999999999783 2
113.59999999999782 2
113.69999999999781 1
113.79999999999781 1
113.8999999999978 2
113.9999999999978 2
114.09999999999779 2
114.19999999999779 1
114.29999999999778 2
114.39999999999777 2
114.49999999999777 2
114.59999999999776 2
114.69999999999776 1
114.79999999999775 2
114.89999999999775 2
114.99999999999774 2
115.09999999999773 2
115.19999999999773 1
115.29999999999772 2
115.39999999999772 2
115.49999999999771 2
115.59999999999771 2
115.6999999999977 1
115.79999999999769 2
115.89999999999769 2
115.99999999999768 2
116.09999999999768 2
116.19999999999767 1
116.29999999999767 2
116.39999999999766 2
116.49999999999766 2
116.59999999999765 1
116.69999999999764 1
116.79999999999764 2
116.89999999999763 2
116.99999999999763 2
117.09999999999762 1
117.19999999999762 2
117.29999999999761 2
117.3999999999976 2
117.4999999999976 2
117.59999999999759 1
117.69999999999759 2
117.79999999999758 2
117.89999999999758 2
117.99999999999757 2
118.09999999999756 1
118.19999999999756 2
118.29999999999755 2
118.39999999999755 2
118.49999999999754 2
118.59999999999754 1
118.69999999999753 2
118.79999999999752 2
118.89999999999752 2
118.99999999999751 2
119.09999999999751 1
119.1999999999975 2
119.2999999999975 2
119.39999999999749 2
119.49999999999748 1
119.59999999999748 1
119.69999999999747 2
119.79999999999747 2
119.89999999999746 2
119.99999999999746 1
120.09999999999745 1
120.19999999999744 2
120.29999999999744 2
120.39999999999743 2
120.49999999999743 1
120.59999999999742 2
120.69999999999742 2
120.79999999999741 2
120.89999999999741 2
120.9999999999974 1
121.09999999999739 2
121.19999999999739 2
121.29999999999738 2
121.39999999999738 2
121.49999999999737 1
121.59999999999737 2
121.69999999999736 2
121.79999999999735 2
121.89999999999735 2
121.99999999999734 1
122.09999999999734 2
122.19999999999733 2
122.29999999999733 2
122.39999999999732 1
122.49999999999731 1
122.59999999999731 2
122.6999999999973 2
122.7999999999973 2
122.89999999999729 1
122.99999999999729 1
123.09999999999728 2
123.19999999999727 2
123.29999999999727 2
123.39999999999726 1
123.49999999999726 2
123.59999999999725 2
123.69999999999725 2
123.79999999999724 2
123.89999999999723 1
123.99999999999723 2
124.09999999999722 0
124.19999999999722 0
124.29999999999721 0
124.39999999999721 0
124.4999999999972 0
124.59999999999719 0
124.69999999999719 0
124.79999999999718 0
124.89999999999718 0
124.99999999999717 0
