0.10000000000000001 1
0.20000000000000001 1
0.30000000000000004 1
0.40000000000000002 1
0.5 1
0.59999999999999998 1
0.69999999999999996 1
0.79999999999999993 1
0.89999999999999991 1
0.99999999999999989 1
1.0999999999999999 1
1.2 1
1.3 1
1.4000000000000001 1
1.5000000000000002 1
1.6000000000000003 1
1.7000000000000004 3
1.8000000000000005 3
1.9000000000000006 3
2.0000000000000004 3
2.1000000000000005 3
2.2000000000000006 3
2.3000000000000007 3
2.4000000000000008 6
2.5000000000000009 6
2.600000000000001 6
2.7000000000000011 6
2.8000000000000012 6
2.9000000000000012 6
3.0000000000000013 7
3.1000000000000014 11
3.2000000000000015 12
3.3000000000000016 12
3.4000000000000017 12
3.5000000000000018 12
3.6000000000000019 12
3.700000000000002 10.5
3.800000000000002 10.5
3.9000000000000021 10.5
4.0000000000000018 10.5
4.1000000000000014 10.881
4.2000000000000011 11.3571
4.3000000000000007 11.4524
4.4000000000000004 11.7143
4.5 12.1509
4.5999999999999996 12.4129
4.6999999999999993 12.4129
4.7999999999999989 12.4129
4.8999999999999986 12.4129
4.9999999999999982 12.4129
5.0999999999999979 12.4129
5.1999999999999975 12.4129
5.2999999999999972 12.4129
5.3999999999999968 12.4129
5.4999999999999964 12.4129
5.5999999999999961 12.4129
5.6999999999999957 12.4129
5.7999999999999954 12.4129
5.899999999999995 12.4129
5.9999999999999947 12.4129
6.0999999999999943 12.4129
6.199999999999994 12.4129
6.2999999999999936 12.4129
6.3999999999999932 12.4129
6.4999999999999929 12.4129
6.5999999999999925 12.4129
6.6999999999999922 12.4129
6.7999999999999918 12.4129
6.8999999999999915 12.4129
6.9999999999999911 12.4129
7.0999999999999908 12.4129
7.1999999999999904 12.4129
7.2999999999999901 12.4129
7.3999999999999897 12.4129
7.4999999999999893 12.4129
7.599999999999989 12.4129
7.6999999999999886 12.4129
7.7999999999999883 12.4129
7.8999999999999879 12.4129
7.9999999999999876 12.4129
8.0999999999999872 12.4129
8.1999999999999869 12.4129
8.2999999999999865 12.4129
8.3999999999999861 12.4129
8.4999999999999858 12.4129
8.5999999999999854 12.4129
8.6999999999999851 12.4129
8.7999999999999847 12.4129
8.8999999999999844 12.4129
8.999999999999984 12.4129
9.0999999999999837 12.4129
9.1999999999999833 12.4129
9.2999999999999829 12.4129
9.3999999999999826 12.4129
9.4999999999999822 12.4129
9.5999999999999819 12.4129
9.6999999999999815 12.4129
9.7999999999999812 12.4129
9.8999999999999808 12.4129
9.9999999999999805 12.4129
10.09999999999998 12.4129
10.19999999999998 12.4129
10.299999999999979 12.4129
10.399999999999979 12.4129
10.499999999999979 12.4129
10.599999999999978 12.4129
10.699999999999978 12.4129
10.799999999999978 12.4129
10.899999999999977 12.4129
10.999999999999977 12.4129
11.099999999999977 12.4129
11.199999999999976 12.4129
11.299999999999976 12.4129
11.399999999999975 12.4129
11.499999999999975 12.4129
11.599999999999975 12.4129
11.699999999999974 12.4129
11.799999999999974 12.4129
11.899999999999974 12.4129
11.999999999999973 12.4129
12.099999999999973 12.4129
12.199999999999973 12.4129
12.299999999999972 12.4129
12.399999999999972 12.4129
12.499999999999972 12.4129
12.599999999999971 12.4129
12.699999999999971 12.4129
12.799999999999971 12.4129
12.89999999999997 12.4129
12.99999999999997 12.4129
13.099999999999969 12.4129
13.199999999999969 12.4129
13.299999999999969 12.4129
13.399999999999968 12.4129
13.499999999999968 12.4129
13.599999999999968 12.4129
13.699999999999967 12.4129
13.799999999999967 12.4129
13.899999999999967 12.4129
13.999999999999966 12.4129
14.099999999999966 12.4129
14.199999999999966 12.4129
14.299999999999965 12.4129
14.399999999999965 12.4129
14.499999999999964 12.4129
14.599999999999964 12.4129
14.699999999999964 12.4129
14.799999999999963 12.4129
14.899999999999963 12.4129
14.999999999999963 12.4129
15.099999999999962 12.4129
15.199999999999962 12.4129
15.299999999999962 12.4129
15.399999999999961 12.4129
15.499999999999961 12.4129
15.599999999999961 12.4129
15.69999999999996 12.4129
15.79999999999996 12.4129
15.899999999999959 12.4129
15.999999999999959 12.4129
16.099999999999959 12.4129
16.19999999999996 12.4129
16.299999999999962 12.4129
16.399999999999963 12.4129
16.499999999999964 12.4129
16.599999999999966 12.4129
16.699999999999967 12.4129
16.799999999999969 12.4129
16.89999999999997 12.4129
16.999999999999972 12.4129
17.099999999999973 12.4129
17.199999999999974 12.4129
17.299999999999976 12.4129
17.399999999999977 12.4129
17.499999999999979 12.4129
17.59999999999998 12.4129
17.699999999999982 12.4129
17.799999999999983 12.4129
17.899999999999984 12.4129
17.999999999999986 12.4129
18.099999999999987 12.4129
18.199999999999989 12.4129
18.29999999999999 12.4129
18.399999999999991 12.4129
18.499999999999993 12.4129
18.599999999999994 12.4129
18.699999999999996 12.4129
18.799999999999997 12.4129
18.899999999999999 12.4129
19 12.4129
19.100000000000001 12.4129
19.200000000000003 12.4129
19.300000000000004 12.4129
19.400000000000006 12.4129
19.500000000000007 12.4129
19.600000000000009 12.4129
19.70000000000001 12.4129
19.800000000000011 12.4129
19.900000000000013 12.4129
20.000000000000014 12.4129
20.100000000000016 12.4129
20.200000000000017 12.4129
20.300000000000018 12.4129
20.40000000000002 12.4129
20.500000000000021 12.4129
20.600000000000023 12.4129
20.700000000000024 12.4129
20.800000000000026 12.4129
20.900000000000027 12.4129
21.000000000000028 12.4129
21.10000000000003 12.4129
21.200000000000031 12.4129
21.300000000000033 12.4129
21.400000000000034 12.4129
21.500000000000036 12.4129
21.600000000000037 12.4129
21.700000000000038 12.4129
21.80000000000004 12.4129
21.900000000000041 12.4129
22.000000000000043 12.4129
22.100000000000044 12.4129
22.200000000000045 12.4129
22.300000000000047 12.4129
22.400000000000048 12.4129
22.50000000000005 12.4129
22.600000000000051 12.4129
22.700000000000053 12.4129
22.800000000000054 12.4129
22.900000000000055 12.4129
23.000000000000057 12.4129
23.100000000000058 12.4129
23.20000000000006 12.4129
23.300000000000061 12.4129
23.400000000000063 12.4129
23.500000000000064 12.4129
23.600000000000065 12.4129
23.700000000000067 12.4129
23.800000000000068 12.4129
23.90000000000007 12.4129
24.000000000000071 12.4129
24.100000000000072 12.4129
24.200000000000074 12.4129
24.300000000000075 12.4129
24.400000000000077 12.4129
24.500000000000078 12.4129
24.60000000000008 12.4129
24.700000000000081 12.4129
24.800000000000082 12.4129
24.900000000000084 12.4129
25.000000000000085 12.4129
25.100000000000087 12.4129
25.200000000000088 12.4129
25.30000000000009 12.4129
25.400000000000091 12.4129
25.500000000000092 12.4129
25.600000000000094 12.4129
25.700000000000095 12.4129
25.800000000000097 12.4129
25.900000000000098 12.4129
26.000000000000099 12.4129
26.100000000000101 12.4129
26.200000000000102 12.4129
26.300000000000104 12.4129
26.400000000000105 12.4129
26.500000000000107 12.4129
26.600000000000108 12.4129
26.700000000000109 12.4129
26.800000000000111 12.4129
26.900000000000112 12.4129
27.000000000000114 12.4129
27.100000000000115 12.4129
27.200000000000117 12.4129
27.300000000000118 12.4129
27.400000000000119 12.4129
27.500000000000121 12.4129
27.600000000000122 12.4129
27.700000000000124 12.4129
27.800000000000125 12.4129
27.900000000000126 12.4129
28.000000000000128 12.4129
28.100000000000129 12.4129
28.200000000000131 12.4129
28.300000000000132 12.4129
28.400000000000134 12.4129
28.500000000000135 12.4129
28.600000000000136 12.4129
28.700000000000138 12.4129
28.800000000000139 12.4129
28.900000000000141 12.4129
29.000000000000142 12.4129
29.100000000000144 12.4129
29.200000000000145 12.4129
29.300000000000146 12.4129
29.400000000000148 12.4129
29.500000000000149 12.4129
29.600000000000151 12.4129
29.700000000000152 12.4129
29.800000000000153 12.4129
29.900000000000155 12.4129
30.000000000000156 12.4129
30.100000000000158 12.4129
30.200000000000159 12.4129
30.300000000000161 12.4129
30.400000000000162 12.4129
30.500000000000163 12.4129
30.600000000000165 12.4129
30.700000000000166 12.4129
30.800000000000168 12.4129
30.900000000000169 12.4129
31.000000000000171 12.4129
31.100000000000172 12.4129
31.200000000000173 12.4129
31.300000000000175 12.4129
31.400000000000176 12.4129
31.500000000000178 12.4129
31.600000000000179 12.4129
31.70000000000018 12.4129
31.800000000000182 12.4129
31.900000000000183 12.4129
32.000000000000185 12.4129
32.100000000000186 12.4129
32.200000000000188 12.4129
32.300000000000189 12.4129
32.40000000000019 12.4129
32.500000000000192 12.4129
32.600000000000193 12.4129
32.700000000000195 12.4129
32.800000000000196 12.4129
32.900000000000198 12.4129
33.000000000000199 12.4129
33.1000000000002 12.4129
33.200000000000202 12.4129
33.300000000000203 12.4129
33.400000000000205 12.4129
33.500000000000206 12.4129
33.600000000000207 12.4129
33.700000000000209 12.4129
33.80000000000021 12.4129
33.900000000000212 12.4129
34.000000000000213 12.4129
34.100000000000215 12.4129
34.200000000000216 12.4129
34.300000000000217 12.4129
34.400000000000219 12.4129
34.50000000000022 12.4129
34.600000000000222 12.4129
34.700000000000223 12.4129
34.800000000000225 12.4129
34.900000000000226 12.4129
35.000000000000227 12.4129
35.100000000000229 12.4129
35.20000000000023 12.4129
35.300000000000232 12.4129
35.400000000000233 12.4129
35.500000000000234 12.4129
35.600000000000236 12.4129
35.700000000000237 12.4129
35.800000000000239 12.4129
35.90000000000024 12.4129
36.000000000000242 12.4129
36.100000000000243 12.4129
36.200000000000244 12.4129
36.300000000000246 12.4129
36.400000000000247 12.4129
36.500000000000249 12.4129
36.60000000000025 12.4129
36.700000000000252 12.4129
36.800000000000253 12.4129
36.900000000000254 12.4129
37.000000000000256 12.4129
37.100000000000257 12.4129
37.200000000000259 12.4129
37.30000000000026 12.4129
37.400000000000261 12.4129
37.500000000000263 12.4129
37.600000000000264 12.4129
37.700000000000266 12.4129
37.800000000000267 12.4129
37.900000000000269 12.4129
38.00000000000027 12.4129
38.100000000000271 12.4129
38.200000000000273 12.4129
38.300000000000274 12.4129
38.400000000000276 12.4129
38.500000000000277 12.4129
38.600000000000279 12.4129
38.70000000000028 12.4129
38.800000000000281 12.4129
38.900000000000283 12.4129
39.000000000000284 12.4129
39.100000000000286 12.4129
39.200000000000287 12.4129
39.300000000000288 12.4129
39.40000000000029 12.4129
39.500000000000291 12.4129
39.600000000000293 12.4129
39.700000000000294 12.4129
39.800000000000296 12.4129
39.900000000000297 12.4129
40.000000000000298 12.4129
40.1000000000003 12.4129
40.200000000000301 12.4129
40.300000000000303 12.4129
40.400000000000304 12.4129
40.500000000000306 12.4129
40.600000000000307 12.4129
40.700000000000308 12.4129
40.80000000000031 12.4129
40.900000000000311 12.4129
41.000000000000313 12.4129
41.100000000000314 12.4129
41.200000000000315 12.4129
41.300000000000317 12.4129
41.400000000000318 12.4129
41.50000000000032 12.4129
41.600000000000321 12.4129
41.700000000000323 12.4129
41.800000000000324 12.4129
41.900000000000325 12.4129
42.000000000000327 12.4129
42.100000000000328 12.4129
42.20000000000033 12.4129
42.300000000000331 12.4129
42.400000000000333 12.4129
42.500000000000334 12.4129
42.600000000000335 12.4129
42.700000000000337 12.4129
42.800000000000338 12.4129
42.90000000000034 12.4129
43.000000000000341 12.4129
43.100000000000342 12.4129
43.200000000000344 12.4129
43.300000000000345 12.4129
43.400000000000347 12.4129
43.500000000000348 12.4129
43.60000000000035 12.4129
43.700000000000351 12.4129
43.800000000000352 12.4129
43.900000000000354 12.4129
44.000000000000355 12.4129
44.100000000000357 12.4129
44.200000000000358 12.4129
44.30000000000036 12.4129
44.400000000000361 12.4129
44.500000000000362 12.4129
44.600000000000364 12.4129
44.700000000000365 12.4129
44.800000000000367 12.4129
44.900000000000368 12.4129
45.000000000000369 12.4129
45.100000000000371 12.4129
45.200000000000372 12.4129
45.300000000000374 12.4129
45.400000000000375 12.4129
45.500000000000377 12.4129
45.600000000000378 12.4129
45.700000000000379 12.4129
45.800000000000381 12.4129
45.900000000000382 12.4129
46.000000000000384 12.4129
46.100000000000385 12.4129
46.200000000000387 12.4129
46.300000000000388 12.4129
46.400000000000389 12.4129
46.500000000000391 12.4129
46.600000000000392 12.4129
46.700000000000394 12.4129
46.800000000000395 12.4129
46.900000000000396 12.4129
47.000000000000398 12.4129
47.100000000000399 12.4129
47.200000000000401 12.4129
47.300000000000402 12.4129
47.400000000000404 12.4129
47.500000000000405 12.4129
47.600000000000406 12.4129
47.700000000000408 12.4129
47.800000000000409 12.4129
47.900000000000411 12.4129
48.000000000000412 12.4129
48.100000000000414 12.4129
48.200000000000415 12.4129
48.300000000000416 12.4129
48.400000000000418 12.4129
48.500000000000419 12.4129
48.600000000000421 12.4129
48.700000000000422 12.4129
48.800000000000423 12.4129
48.900000000000425 12.4129
49.000000000000426 12.4129
49.100000000000428 12.4129
49.200000000000429 12.4129
49.300000000000431 12.4129
49.400000000000432 12.4129
49.500000000000433 12.4129
49.600000000000435 12.4129
49.700000000000436 12.4129
49.800000000000438 12.4129
49.900000000000439 12.4129
50.000000000000441 12.4129
50.100000000000442 12.4129
50.200000000000443 12.4129
50.300000000000445 12.4129
50.400000000000446 12.4129
50.500000000000448 12.4129
50.600000000000449 12.4129
50.70000000000045 12.4129
50.800000000000452 12.4129
50.900000000000453 12.4129
51.000000000000455 12.4129
51.100000000000456 12.4129
51.200000000000458 12.4129
51.300000000000459 12.4129
51.40000000000046 12.4129
51.500000000000462 12.4129
51.600000000000463 12.4129
51.700000000000465 12.4129
51.800000000000466 12.4129
51.900000000000468 12.4129
52.000000000000469 12.4129
52.10000000000047 12.4129
52.200000000000472 12.4129
52.300000000000473 12.4129
52.400000000000475 12.4129
52.500000000000476 12.4129
52.600000000000477 12.4129
52.700000000000479 12.4129
52.80000000000048 12.4129
52.900000000000482 12.4129
53.000000000000483 12.4129
53.100000000000485 12.4129
53.200000000000486 12.4129
53.300000000000487 12.4129
53.400000000000489 12.4129
53.50000000000049 12.4129
53.600000000000492 12.4129
53.700000000000493 12.4129
53.800000000000495 12.4129
53.900000000000496 12.4129
54.000000000000497 12.4129
54.100000000000499 12.4129
54.2000000000005 12.4129
54.300000000000502 12.4129
54.400000000000503 12.4129
54.500000000000504 12.4129
54.600000000000506 12.4129
54.700000000000507 12.4129
54.800000000000509 12.4129
54.90000000000051 12.4129
55.000000000000512 12.4129
55.100000000000513 12.4129
55.200000000000514 12.4129
55.300000000000516 12.4129
55.400000000000517 12.4129
55.500000000000519 12.4129
55.60000000000052 12.4129
55.700000000000522 12.4129
55.800000000000523 12.4129
55.900000000000524 12.4129
56.000000000000526 12.4129
56.100000000000527 12.4129
56.200000000000529 12.4129
56.30000000000053 12.4129
56.400000000000531 12.4129
56.500000000000533 12.4129
56.600000000000534 12.4129
56.700000000000536 12.4129
56.800000000000537 12.4129
56.900000000000539 12.4129
57.00000000000054 12.4129
57.100000000000541 12.4129
57.200000000000543 12.4129
57.300000000000544 12.4129
57.400000000000546 12.4129
57.500000000000547 12.4129
57.600000000000549 12.4129
57.70000000000055 12.4129
57.800000000000551 12.4129
57.900000000000553 12.4129
58.000000000000554 12.4129
58.100000000000556 12.4129
58.200000000000557 12.4129
58.300000000000558 12.4129
58.40000000000056 12.4129
58.500000000000561 12.4129
58.600000000000563 12.4129
58.700000000000564 12.4129
58.800000000000566 12.4129
58.900000000000567 12.4129
59.000000000000568 12.4129
59.10000000000057 12.4129
59.200000000000571 12.4129
59.300000000000573 12.4129
59.400000000000574 12.4129
59.500000000000576 12.4129
59.600000000000577 12.4129
59.700000000000578 12.4129
59.80000000000058 12.4129
59.900000000000581 12.4129
60.000000000000583 12.4129
60.100000000000584 12.4129
60.200000000000585 12.4129
60.300000000000587 12.4129
60.400000000000588 12.4129
60.50000000000059 12.4129
60.600000000000591 12.4129
60.700000000000593 12.4129
60.800000000000594 12.4129
60.900000000000595 12.4129
61.000000000000597 12.4129
61.100000000000598 12.4129
61.2000000000006 12.4129
61.300000000000601 12.4129
61.400000000000603 12.4129
61.500000000000604 12.4129
61.600000000000605 12.4129
61.700000000000607 12.4129
61.800000000000608 12.4129
61.90000000000061 12.4129
62.000000000000611 12.4129
62.100000000000612 12.4129
62.200000000000614 12.4129
62.300000000000615 12.4129
62.400000000000617 12.4129
62.500000000000618 12.4129
62.60000000000062 12.4129
62.700000000000621 12.4129
62.800000000000622 12.4129
62.900000000000624 12.4129
63.000000000000625 12.4129
63.100000000000627 12.4129
63.200000000000628 12.4129
63.30000000000063 12.4129
63.400000000000631 12.4129
63.500000000000632 12.4129
63.600000000000634 12.4129
63.700000000000635 12.4129
63.800000000000637 12.4129
63.900000000000638 12.4129
64.000000000000639 12.4129
64.100000000000634 12.4129
64.200000000000628 12.4129
64.300000000000622 12.4129
64.400000000000617 12.4129
64.500000000000611 12.4129
64.600000000000605 12.4129
64.7000000000006 12.4129
64.800000000000594 12.4129
64.900000000000588 12.4129
65.000000000000583 12.4129
65.100000000000577 12.4129
65.200000000000571 12.4129
65.300000000000566 12.4129
65.40000000000056 12.4129
65.500000000000554 12.4129
65.600000000000549 12.4129
65.700000000000543 12.4129
65.800000000000537 12.4129
65.900000000000531 12.4129
66.000000000000526 12.4129
66.10000000000052 12.4129
66.200000000000514 12.4129
66.300000000000509 12.4129
66.400000000000503 12.4129
66.500000000000497 12.4129
66.600000000000492 12.4129
66.700000000000486 12.4129
66.80000000000048 12.4129
66.900000000000475 12.4129
67.000000000000469 12.4129
67.100000000000463 12.4129
67.200000000000458 12.4129
67.300000000000452 12.4129
67.400000000000446 12.4129
67.500000000000441 12.4129
67.600000000000435 12.4129
67.700000000000429 12.4129
67.800000000000423 12.4129
67.900000000000418 12.4129
68.000000000000412 12.4129
68.100000000000406 12.4129
68.200000000000401 12.4129
68.300000000000395 12.4129
68.400000000000389 12.4129
68.500000000000384 12.4129
68.600000000000378 12.4129
68.700000000000372 12.4129
68.800000000000367 12.4129
68.900000000000361 12.4129
69.000000000000355 12.4129
69.10000000000035 12.4129
69.200000000000344 12.4129
69.300000000000338 12.4129
69.400000000000333 12.4129
69.500000000000327 12.4129
69.600000000000321 12.4129
69.700000000000315 12.4129
69.80000000000031 12.4129
69.900000000000304 12.4129
70.000000000000298 12.4129
70.100000000000293 12.4129
70.200000000000287 12.4129
70.300000000000281 12.4129
70.400000000000276 12.4129
70.50000000000027 12.4129
70.600000000000264 12.4129
70.700000000000259 12.4129
70.800000000000253 12.4129
70.900000000000247 12.4129
71.000000000000242 12.4129
71.100000000000236 12.4129
71.20000000000023 12.4129
71.300000000000225 12.4129
71.400000000000219 12.4129
71.500000000000213 12.4129
71.600000000000207 12.4129
71.700000000000202 12.4129
71.800000000000196 12.4129
71.90000000000019 12.4129
72.000000000000185 12.4129
72.100000000000179 12.4129
72.200000000000173 12.4129
72.300000000000168 12.4129
72.400000000000162 12.4129
72.500000000000156 12.4129
72.600000000000151 12.4129
72.700000000000145 12.4129
72.800000000000139 12.4129
72.900000000000134 12.4129
73.000000000000128 12.4129
73.100000000000122 12.4129
73.200000000000117 12.4129
73.300000000000111 12.4129
73.400000000000105 12.4129
73.500000000000099 12.4129
73.600000000000094 12.4129
73.700000000000088 12.4129
73.800000000000082 12.4129
73.900000000000077 12.4129
74.000000000000071 12.4129
74.100000000000065 12.4129
74.20000000000006 12.4129
74.300000000000054 12.4129
74.400000000000048 12.4129
74.500000000000043 12.4129
74.600000000000037 12.4129
74.700000000000031 12.4129
74.800000000000026 12.4129
74.90000000000002 12.4129
75.000000000000014 12.4129
75.100000000000009 12.4129
75.200000000000003 12.4129
75.299999999999997 12.4129
75.399999999999991 12.4129
75.499999999999986 12.4129
75.59999999999998 12.4129
75.699999999999974 12.4129
75.799999999999969 12.4129
75.899999999999963 12.4129
75.999999999999957 12.4129
76.099999999999952 12.4129
76.199999999999946 12.4129
76.29999999999994 12.4129
76.399999999999935 12.4129
76.499999999999929 12.4129
76.599999999999923 12.4129
76.699999999999918 12.4129
76.799999999999912 12.4129
76.899999999999906 12.4129
76.999999999999901 12.4129
77.099999999999895 12.4129
77.199999999999889 12.4129
77.299999999999883 12.4129
77.399999999999878 12.4129
77.499999999999872 12.4129
77.599999999999866 12.4129
77.699999999999861 12.4129
77.799999999999855 12.4129
77.899999999999849 12.4129
77.999999999999844 12.4129
78.099999999999838 12.4129
78.199999999999832 12.4129
78.299999999999827 12.4129
78.399999999999821 12.4129
78.499999999999815 12.4129
78.59999999999981 12.4129
78.699999999999804 12.4129
78.799999999999798 12.4129
78.899999999999793 12.4129
78.999999999999787 12.4129
79.099999999999781 12.4129
79.199999999999775 12.4129
79.29999999999977 12.4129
79.399999999999764 12.4129
79.499999999999758 12.4129
79.599999999999753 12.4129
79.699999999999747 12.4129
79.799999999999741 12.4129
79.899999999999736 12.4129
79.99999999999973 12.4129
80.099999999999724 12.4129
80.199999999999719 12.4129
80.299999999999713 12.4129
80.399999999999707 12.4129
80.499999999999702 12.4129
80.599999999999696 12.4129
80.69999999999969 12.4129
80.799999999999685 12.7351
80.899999999999679 12.9768
80.999999999999673 13.2185
81.099999999999667 13.6038
81.199999999999662 13.8281
81.299999999999656 14.127
81.39999999999965 14.4906
81.499999999999645 14.6996
81.599999999999639 15.048
81.699999999999633 15.392
81.799999999999628 15.5878
81.899999999999622 15.8487
81.999999999999616 16.2402
82.099999999999611 16.4894
82.199999999999605 16.7348
82.299999999999599 17.1027
82.399999999999594 17.4024
82.499999999999588 17.6338
82.599999999999582 17.923
82.699999999999577 18.3249
82.799999999999571 18.5438
82.899999999999565 18.7627
82.999999999999559 19.1459
83.099999999999554 19.4631
83.199999999999548 19.6189
83.299999999999542 19.9824
83.399999999999537 20.3409
83.499999999999531 20.5385
83.599999999999525 20.8349
83.69999999999952 21.1807
83.799999999999514 21.5127
83.899999999999508 21.7012
83.999999999999503 22.0309
84.099999999999497 22.3543
84.199999999999491 22.5793
84.299999999999486 22.8944
84.39999999999948 23.2094
84.499999999999474 23.511
84.599999999999469 23.7695
84.699999999999463 24.0711
84.799999999999457 24.2004
84.899999999999451 24.2004
84.999999999999446 24.2004
85.09999999999944 24.2004
85.199999999999434 24.2004
85.299999999999429 24.2004
85.399999999999423 24.2004
85.499999999999417 24.2004
85.599999999999412 24.2004
85.699999999999406 24.2004
85.7999999999994 24.2004
85.899999999999395 24.2004
85.999999999999389 24.2004
86.099999999999383 24.2004
86.199999999999378 24.2004
86.299999999999372 24.2004
86.399999999999366 24.2004
86.499999999999361 24.2004
86.599999999999355 24.2004
86.699999999999349 24.2004
86.799999999999343 24.2004
86.899999999999338 24.2004
86.999999999999332 24.2004
87.099999999999326 24.2004
87.199999999999321 24.2004
87.299999999999315 24.2004
87.399999999999309 24.2004
87.499999999999304 24.2004
87.599999999999298 24.2004
87.699999999999292 24.2004
87.799999999999287 24.2004
87.899999999999281 24.2004
87.999999999999275 24.2004
88.09999999999927 24.2004
88.199999999999264 24.2004
88.299999999999258 24.2004
88.399999999999253 24.2004
88.499999999999247 24.2004
88.599999999999241 24.2004
88.699999999999235 24.2004
88.79999999999923 24.2004
88.899999999999224 24.2004
88.999999999999218 24.2004
89.099999999999213 24.2004
89.199999999999207 24.2004
89.299999999999201 24.2004
89.399999999999196 24.2004
89.49999999999919 24.2004
89.599999999999184 24.2004
89.699999999999179 24.2004
89.799999999999173 24.2004
89.899999999999167 24.2004
89.999999999999162 24.2004
90.099999999999156 24.2004
90.19999999999915 24.2004
90.299999999999145 24.2004
90.399999999999139 24.2004
90.499999999999133 24.2004
90.599999999999127 24.2004
90.699999999999122 24.2004
90.799999999999116 24.2004
90.89999999999911 24.2004
90.999999999999105 24.2004
91.099999999999099 24.2004
91.199999999999093 24.2004
91.299999999999088 24.2004
91.399999999999082 24.2004
91.499999999999076 24.2004
91.599999999999071 24.2004
91.699999999999065 24.2004
91.799999999999059 24.2004
91.899999999999054 24.2004
91.999999999999048 24.2004
92.099999999999042 24.2004
92.199999999999037 24.2004
92.299999999999031 24.2004
92.399999999999025 24.2004
92.499999999999019 24.2004
92.599999999999014 24.2004
92.699999999999008 24.2004
92.799999999999002 24.2004
92.899999999998997 24.2004
92.999999999998991 24.2004
93.099999999998985 24.2004
93.19999999999898 24.2004
93.299999999998974 24.2004
93.399999999998968 24.2004
93.499999999998963 24.2004
93.599999999998957 24.2004
93.699999999998951 24.2004
93.799999999998946 24.2004
93.89999999999894 24.2004
93.999999999998934 24.2004
94.099999999998929 24.2004
94.199999999998923 24.2004
94.299999999998917 24.2004
94.399999999998911 24.2004
94.499999999998906 24.2004
94.5999999999989 24.2004
94.699999999998894 24.2004
94.799999999998889 24.2004
94.899999999998883 24.2004
94.999999999998877 24.2004
95.099999999998872 24.2004
95.199999999998866 24.2004
95.29999999999886 24.2004
95.399999999998855 24.2004
95.499999999998849 24.2004
95.599999999998843 24.2004
95.699999999998838 24.2004
95.799999999998832 24.2004
95.899999999998826 24.2004
95.99999999999882 24.2004
96.099999999998815 24.2004
96.199999999998809 24.2004
96.299999999998803 24.2004
96.399999999998798 24.2004
96.499999999998792 24.2004
96.599999999998786 24.2004
96.699999999998781 24.2004
96.799999999998775 24.2004
96.899999999998769 24.2004
96.999999999998764 24.2004
97.099999999998758 24.2004
97.199999999998752 24.2004
97.299999999998747 24.2004
97.399999999998741 24.2004
97.499999999998735 24.2004
97.59999999999873 24.2004
97.699999999998724 24.2004
97.799999999998718 24.2004
97.899999999998712 24.2004
97.999999999998707 24.2004
98.099999999998701 24.2004
98.199999999998695 24.2004
98.29999999999869 24.2004
98.399999999998684 24.2004
98.499999999998678 24.2004
98.599999999998673 24.2004
98.699999999998667 24.2004
98.799999999998661 24.2004
98.899999999998656 24.2004
98.99999999999865 24.2004
99.099999999998644 24.2004
99.199999999998639 24.2004
99.299999999998633 24.2004
99.399999999998627 24.2004
99.499999999998622 24.2004
99.599999999998616 24.2004
99.69999999999861 24.2004
99.799999999998604 24.2004
99.899999999998599 24.2004
99.999999999998593 24.2004
100.09999999999859 24.2004
100.19999999999858 24.2004
100.29999999999858 24.2004
100.39999999999857 24.2004
100.49999999999856 24.2004
100.59999999999856 24.2004
100.69999999999855 24.2004
100.79999999999855 24.2004
100.89999999999854 24.2004
100.99999999999854 24.2004
101.09999999999853 24.2004
101.19999999999852 24.2004
101.29999999999852 24.2004
101.39999999999851 24.2004
101.49999999999851 24.2004
101.5999999999985 24.2004
101.6999999999985 24.2004
101.79999999999849 24.2004
101.89999999999849 24.2004
101.99999999999848 24.2004
102.09999999999847 24.2004
102.19999999999847 24.2004
102.29999999999846 24.2004
102.39999999999846 24.2004
102.49999999999845 24.2004
102.59999999999845 24.2004
102.69999999999844 24.2004
102.79999999999843 24.2004
102.89999999999843 24.2004
102.99999999999842 24.2004
103.09999999999842 24.2004
103.19999999999841 24.2004
103.29999999999841 24.2004
103.3999999999984 24.2004
103.49999999999839 24.2004
103.59999999999839 24.2004
103.69999999999838 24.2004
103.79999999999838 24.2004
103.89999999999837 24.2004
103.99999999999837 24.2004
104.09999999999836 24.2004
104.19999999999835 24.2004
104.29999999999835 24.2004
104.39999999999834 24.2004
104.49999999999834 24.2004
104.59999999999833 24.2004
104.69999999999833 24.2004
104.79999999999832 24.2004
104.89999999999831 24.2004
104.99999999999831 24.2004
105.0999999999983 24.2004
105.1999999999983 24.2004
105.29999999999829 24.2004
105.39999999999829 24.2004
105.49999999999828 24.2004
105.59999999999827 24.2004
105.69999999999827 24.2004
105.79999999999826 24.2004
105.89999999999826 24.2004
105.99999999999825 24.2004
106.09999999999825 24.2004
106.19999999999824 24.2004
106.29999999999824 24.2004
106.39999999999823 24.2004
106.49999999999822 24.2004
106.59999999999822 24.2004
106.69999999999821 24.2004
106.79999999999821 24.2004
106.8999999999982 24.2004
106.9999999999982 24.2004
107.09999999999819 24.2004
107.19999999999818 24.2004
107.29999999999818 24.2004
107.39999999999817 24.2004
107.49999999999817 24.2004
107.59999999999816 24.2004
107.69999999999816 24.2004
107.79999999999815 24.2004
107.89999999999814 24.2004
107.99999999999814 24.2004
108.09999999999813 24.2004
108.19999999999813 24.2004
108.29999999999812 24.2004
108.39999999999812 24.2004
108.49999999999811 24.2004
108.5999999999981 24.2004
108.6999999999981 24.2004
108.79999999999809 24.2004
108.89999999999809 24.2004
108.99999999999808 24.2004
109.09999999999808 24.2004
109.19999999999807 24.2004
109.29999999999806 24.2004
109.39999999999806 24.2004
109.49999999999805 24.2004
109.59999999999805 24.2004
109.69999999999804 24.2004
109.79999999999804 24.2004
109.89999999999803 24.2004
109.99999999999802 24.2004
110.09999999999802 24.2004
110.19999999999801 24.2004
110.29999999999801 24.2004
110.399999999998 24.2004
110.499999999998 24.2004
110.59999999999799 24.2004
110.69999999999798 24.2004
110.79999999999798 24.2004
110.89999999999797 24.2004
110.99999999999797 24.2004
111.09999999999796 24.2004
111.19999999999796 24.2004
111.29999999999795 24.2004
111.39999999999795 24.2004
111.49999999999794 24.2004
111.59999999999793 24.2004
111.69999999999793 24.2004
111.79999999999792 24.2004
111.89999999999792 24.2004
111.99999999999791 24.2004
112.09999999999791 24.2004
112.1999999999979 24.2004
112.29999999999789 24.2004
112.39999999999789 24.2004
112.49999999999788 24.2004
112.59999999999788 24.2004
112.69999999999787 24.2004
112.79999999999787 24.2004
112.89999999999786 24.2004
112.99999999999785 24.2004
113.09999999999785 24.2004
113.19999999999784 24.2004
113.29999999999784 24.2004
113.39999999999783 24.2004
113.49999999999783 24.2004
113.59999999999782 24.2004
113.69999999999781 24.2004
113.79999999999781 24.2004
113.8999999999978 24.2004
113.9999999999978 24.2004
114.09999999999779 24.2004
114.19999999999779 24.2004
114.29999999999778 24.2004
114.39999999999777 24.2004
114.49999999999777 24.2004
114.59999999999776 24.2004
114.69999999999776 24.2004
114.79999999999775 24.2004
114.89999999999775 24.2004
114.99999999999774 24.2004
115.09999999999773 24.2004
115.19999999999773 24.2004
115.29999999999772 24.2004
115.39999999999772 24.2004
115.49999999999771 24.2004
115.59999999999771 24.2004
115.6999999999977 24.2004
115.79999999999769 24.2004
115.89999999999769 24.2004
115.99999999999768 24.2004
116.09999999999768 24.2004
116.19999999999767 24.2004
116.29999999999767 24.2004
116.39999999999766 24.2004
116.49999999999766 24.2004
116.59999999999765 24.2004
116.69999999999764 24.2004
116.79999999999764 24.2004
116.89999999999763 24.2004
116.99999999999763 24.2004
117.09999999999762 24.2004
117.19999999999762 24.2004
117.29999999999761 24.2004
117.3999999999976 24.2004
117.4999999999976 24.2004
117.59999999999759 24.2004
117.69999999999759 24.2004
117.79999999999758 24.2004
117.89999999999758 24.2004
117.99999999999757 24.2004
118.09999999999756 24.2004
118.19999999999756 24.2004
118.29999999999755 24.2004
118.39999999999755 24.2004
118.49999999999754 24.2004
118.59999999999754 24.2004
118.69999999999753 24.2004
118.79999999999752 24.2004
118.89999999999752 24.2004
118.99999999999751 24.2004
119.09999999999751 24.2004
119.1999999999975 24.2004
119.2999999999975 24.2004
119.39999999999749 24.2004
119.49999999999748 24.2004
119.59999999999748 24.2004
119.69999999999747 24.2004
119.79999999999747 24.2004
119.89999999999746 24.2004
119.99999999999746 24.2004
120.09999999999745 24.2004
120.19999999999744 24.2004
120.29999999999744 24.2004
120.39999999999743 24.2004
120.49999999999743 24.2004
120.59999999999742 24.2004
120.69999999999742 24.2004
120.79999999999741 24.2004
120.89999999999741 24.2004
120.9999999999974 24.2004
121.09999999999739 24.2004
121.19999999999739 24.2004
121.29999999999738 24.2004
121.39999999999738 24.2004
121.49999999999737 24.2004
121.59999999999737 24.2004
121.69999999999736 24.2004
121.79999999999735 24.2004
121.89999999999735 24.2004
121.99999999999734 24.2004
122.09999999999734 24.2004
122.19999999999733 24.2004
122.29999999999733 24.2004
122.39999999999732 24.2004
122.49999999999731 24.2004
122.59999999999731 24.2004
122.6999999999973 24.2004
122.7999999999973 24.2004
122.89999999999729 24.2004
122.99999999999729 24.2004
123.09999999999728 24.2004
123.19999999999727 24.2004
123.29999999999727 24.2004
123.39999999999726 24.2004
123.49999999999726 24.2004
123.59999999999725 24.2004
123.69999999999725 24.2004
123.79999999999724 24.2004
123.89999999999723 24.2004
123.99999999999723 24.2004
124.09999999999722 24.2004
124.19999999999722 24.2004
124.29999999999721 24.2004
124.39999999999721 24.2004
124.4999999999972 24.2004
124.59999999999719 24.2004
124.69999999999719 24.2004
124.79999999999718 2
124.89999999999718 2
124.99999999999717 2
